53 0.665798 0.65247 0.0738066 0.0930699
102 0.377416 0.898665 0.0776065 0.0982541
141 0.797095 0.103358 0.0748544 0.0965647
102 0.5124 0.270961 0.072702 0.0931906
102 0.664935 0.102433 0.0739691 0.0938585
28 0.250969 0.544391 0.0769977 0.0951077
102 0.797634 0.653241 0.0764551 0.0969007
141 0.513182 0.898559 0.0772383 0.0973143
102 0.514482 0.54431 0.075671 0.0975995
137 0.381256 0.271895 0.077431 0.0958666
171 0.786479 0.895731 0.0648 0.0863034
171 0.934155 0.314697 0.0617363 0.0802884
28 0.24992 0.271846 0.0774084 0.0963462
28 0.927869 0.652544 0.0775961 0.0961766
