109 0.9572155688622754 0.2451904761904762 0.05444610778443113 0.11952380952380953
59 0.6707784431137724 0.28159523809523807 0.06202095808383234 0.0885952380952381
180 0.028128742514970058 0.029904761904761906 0.05528443113772455 0.05978571428571428
180 0.2016167664670659 0.03204761904761905 0.05657185628742515 0.06411904761904762
55 0.06311377245508981 0.3387142857142857 0.07425149700598803 0.10759523809523809
55 0.3836526946107784 0.5124761904761905 0.07760479041916168 0.10273809523809524
55 0.2754041916167665 0.516452380952381 0.08263473053892216 0.12019047619047618
55 0.62062874251497 0.5196190476190476 0.07850299401197604 0.1075
55 0.7937574850299401 0.5200238095238096 0.0774251497005988 0.10352380952380952
55 0.48393712574850295 0.5215952380952381 0.07456586826347306 0.1066904761904762
96 0.17462574850299403 0.5739761904761904 0.05474550898203593 0.08761904761904761
148 0.06646706586826347 0.6274761904761905 0.0529940119760479 0.09621428571428571
55 0.27465568862275447 0.7092380952380952 0.07814371257485031 0.10578571428571429
171 0.9546407185628744 0.07452380952380952 0.07287425149700599 0.09350000000000001
128 0.7907634730538923 0.7822380952380953 0.059476047904191615 0.08988095238095238
128 0.5961976047904192 0.7877857142857143 0.059550898203592814 0.09145238095238094
62 0.4091167664670659 0.7911904761904762 0.08233532934131736 0.11197619047619048
137 0.4635329341317365 0.12473809523809525 0.07687125748502995 0.12104761904761906
136 0.7947455089820359 0.1260952380952381 0.06745508982035929 0.1109047619047619
32 0.6692215568862275 0.12871428571428573 0.0772305389221557 0.10733333333333334
55 0.05738023952095808 0.15345238095238095 0.07773952095808383 0.11328571428571428
173 0.16964071856287424 0.15466666666666665 0.05074850299401197 0.09185714285714286
28 0.34130239520958083 0.22283333333333333 0.08008982035928144 0.1180952380952381