177 0.21875 0.037484885126964934 0.0517578125 0.044740024183796856
109 0.26123046875 0.03143893591293833 0.037109375 0.06287787182587666
125 0.3505859375 0.17230955259975816 0.02734375 0.03143893591293833
123 0.33447265625 0.3101571946795647 0.029296875 0.03385731559854897
123 0.46630859375 0.31257557436517536 0.0234375 0.030229746070133012
123 0.59814453125 0.31136638452237003 0.0234375 0.03143893591293833
180 0.06494140625 0.13240628778718258 0.0322265625 0.036275695284159616
171 0.0234375 0.407496977025393 0.0380859375 0.044740024183796856
75 0.13671875 0.4062877871825877 0.0478515625 0.05441354292623942
59 0.39501953125 0.22430471584038694 0.0546875 0.0592503022974607
59 0.64697265625 0.22370012091898428 0.0458984375 0.05562273276904474
55 0.39501953125 0.37424425634824665 0.05078125 0.06771463119709795
55 0.6484375 0.373639661426844 0.0478515625 0.06771463119709795
30 0.51953125 0.373639661426844 0.0400390625 0.053204353083434096
176 0.60498046875 0.4800483675937122 0.044921875 0.05441354292623942
3 0.521484375 0.4800483675937122 0.0458984375 0.05804111245465538
53 0.92724609375 0.5205562273276905 0.041015625 0.04836759371221282
50 0.80078125 0.5592503022974608 0.0380859375 0.05562273276904474
55 0.673828125 0.6487303506650545 0.0419921875 0.0471584038694075
102 0.57958984375 0.6469165659008465 0.0419921875 0.056831922611850064
102 0.380859375 0.7297460701330108 0.041015625 0.053204353083434096
55 0.47314453125 0.7321644498186215 0.0439453125 0.05441354292623942
64 0.47509765625 0.6469165659008465 0.0400390625 0.05199516324062878
58 0.38232421875 0.6481257557436517 0.044921875 0.049576783555018135
122 0.4189453125 0.8210399032648126 0.0400390625 0.05441354292623942
142 0.3876953125 0.9371221281741233 0.044921875 0.053204353083434096
141 0.478515625 0.937726723095526 0.0390625 0.0471584038694075
28 0.58740234375 0.9365175332527207 0.0390625 0.05078597339782346
179 0.68310546875 0.9359129383313181 0.0390625 0.049576783555018135
158 0.13671875 0.6438935912938332 0.0439453125 0.05562273276904474