100 0.30835881753312944 0.26529411764705885 0.05504587155963303 0.07294117647058823
53 0.6549439347604485 0.2735294117647059 0.07033639143730887 0.08588235294117647
102 0.5229357798165137 0.2747058823529412 0.06422018348623854 0.08588235294117647
102 0.5229357798165137 0.45235294117647057 0.06116207951070336 0.09058823529411765
89 0.308868501529052 0.46176470588235297 0.07135575942915393 0.08
141 0.9031600407747197 0.5688235294117647 0.06218144750254842 0.07647058823529412
102 0.7772680937818552 0.5694117647058824 0.0652395514780836 0.08
102 0.3129459734964322 0.6252941176470588 0.0764525993883792 0.08352941176470588
102 0.5224260958205912 0.6423529411764706 0.06320081549439348 0.08588235294117647
53 0.6503567787971458 0.6458823529411765 0.06625891946992865 0.08
53 0.6503567787971458 0.8582352941176471 0.07237512742099898 0.08470588235294117
102 0.5234454638124363 0.8629411764705882 0.0672782874617737 0.08588235294117647
53 0.9046890927624872 0.09058823529411765 0.06320081549439348 0.09294117647058824
102 0.7777777777777778 0.09058823529411765 0.06931702344546381 0.08823529411764706
100 0.6534148827726809 0.09411764705882353 0.05708460754332314 0.07411764705882352
100 0.5214067278287462 0.09588235294117647 0.0652395514780836 0.08470588235294117
137 0.3129459734964322 0.1011764705882353 0.06931702344546381 0.07764705882352942