132 0.832522303325223 0.7984126984126985 0.051094890510948905 0.1126984126984127
145 0.275750202757502 0.7142857142857143 0.1070559610705596 0.1984126984126984
177 0.9416058394160584 0.42857142857142855 0.0705596107055961 0.16031746031746033
57 0.3084103811841038 0.35723015873015873 0.24393349553933494 0.35723015873015873 0.24393349553933494 0.48994444444444446 0.3084103811841038 0.48994444444444446 0.3084103811841038 0.35723015873015873
37 0.10583941605839416 0.4222222222222222 0.09975669099756691 0.20634920634920634
102 0.4468775344687753 0.4222222222222222 0.06001622060016221 0.13015873015873017
176 0.7895377128953771 0.42063492063492064 0.0948905109489051 0.19047619047619047
3 0.615977291159773 0.41984126984126985 0.10218978102189781 0.20952380952380953
180 0.8544201135442011 0.930952380952381 0.05596107055961071 0.10158730158730159
171 0.9407948094079481 0.6777777777777778 0.07137064071370641 0.13968253968253969
171 0.9399837793998378 0.1746031746031746 0.06974858069748581 0.14126984126984127