109 0.11585396349087272 0.2680622222222222 0.03271817954488622 0.08674666666666667
95 0.11474118529632409 0.42012 0.06383095773943485 0.07678222222222222
109 0.11613153288322081 0.5808088888888888 0.04660665166291573 0.0870488888888889
136 0.26197049262315575 0.4235733333333333 0.0482145536384096 0.07776444444444444
180 0.3408602150537634 0.2759644444444444 0.0592923230807702 0.07884444444444445
137 0.39253063265816457 0.5993244444444444 0.04260315078769693 0.07963555555555556
59 0.6120730182545636 0.26266222222222224 0.04324331082770693 0.07298222222222223
12 0.6119354838709677 0.3870711111111111 0.03796449112278069 0.06105777777777777
12 0.6984671167791948 0.38682666666666665 0.03598399599899975 0.06352888888888888
59 0.6565191297824456 0.5186355555555556 0.04211302825706426 0.07233333333333333
12 0.6354088522130532 0.6571155555555556 0.029899974993748437 0.055959999999999996
12 0.6740210052513128 0.6588400000000001 0.03377344336084021 0.062373333333333336
54 0.6372143035758939 0.7385733333333333 0.028509627406851715 0.05294666666666666
54 0.6751337834458615 0.7420266666666666 0.02932733183295824 0.05393333333333333
28 0.8373593398349587 0.5114755555555556 0.04703925981495374 0.07875555555555555
27 0.8351362840710178 0.6576088888888888 0.05592898224556139 0.06879555555555555
169 0.835968992248062 0.8140977777777778 0.05759439859964991 0.10325777777777778
128 0.6106851712928232 0.8323688888888888 0.04046511627906976 0.06276444444444444
128 0.7004101025256314 0.8308888888888889 0.039872468117029256 0.06572444444444445