132 0.41111000000000003 0.210375 0.02494 0.033937499999999995
136 0.62305 0.2208 0.04269 0.0582625
137 0.82884 0.2569875 0.04927 0.058762499999999995
125 0.65867 0.2715625 0.02143 0.031675
125 0.44018 0.2812 0.026940000000000002 0.0353125
37 0.62162 0.28326250000000003 0.04451 0.05485
39 0.90986 0.33716250000000003 0.05882 0.0753625
0 0.8278 0.338725 0.054689999999999996 0.0722375
112 0.72823 0.34783749999999997 0.07056 0.08733750000000001
3 0.61112 0.4255 0.061509999999999995 0.0768375
28 0.8284199999999999 0.4413 0.053439999999999994 0.0648875
27 0.90695 0.44337499999999996 0.05799 0.06905
55 0.73452 0.46655 0.05268 0.06735000000000001
141 0.8282200000000001 0.544125 0.05552 0.07367499999999999
169 0.90737 0.544125 0.05382 0.07367499999999999
102 0.53515 0.5837 0.05189 0.065325
102 0.59077 0.5837 0.05062 0.065325
102 0.6443 0.5839625 0.05018 0.0627125
102 0.70199 0.5855250000000001 0.04807 0.06583750000000001
96 0.40723000000000004 0.624825 0.046049999999999994 0.0725625
50 0.30947 0.6250875 0.05221 0.066
98 0.8282200000000001 0.6519125 0.05552 0.0704875
123 0.64701 0.655825 0.0281 0.0314375
123 0.44247000000000003 0.656075 0.02902 0.035074999999999995
86 0.91111 0.6594625000000001 0.05132 0.0699625
62 0.552800 0.710687 0.066870 0.072213
62 0.700100 0.712150 0.065480 0.072625
137 0.83217 0.7534375 0.05593 0.0673
109 0.69455 0.08096249999999999 0.0505 0.0767375
128 0.6645 0.8258125 0.05809 0.0745375
128 0.57952 0.82685 0.05312 0.070375
29 0.8308 0.8452 0.06079 0.071875
