180 0.0665625 0.022778192681105303 0.06625 0.04555638536221061
103 0.229375 0.13293502613890965 0.095 0.10604929051530994
3 0.376875 0.1344286781179985 0.08375 0.1053024645257655
102 0.550625 0.1441374159820762 0.0875 0.10604929051530994
32 0.119375 0.2770724421209858 0.084375 0.10380881254667662
37 0.2334375 0.3196415235250187 0.08125 0.10306198655713218
137 0.3725 0.318521284540702 0.0875 0.1157580283793876
137 0.5234375 0.32113517550410753 0.08625 0.09783420463032114
53 0.6490625 0.3207617625093353 0.071875 0.10082150858849888
53 0.725 0.3200149365197909 0.074375 0.1075429424943988
141 0.8059375 0.321882001493652 0.076875 0.10380881254667662
168 0.905 0.37565347274085137 0.074375 0.08812546676624347
136 0.11625 0.47834204630321137 0.096875 0.09932785660941
22 0.116875 0.6601941747572816 0.08875 0.10380881254667662
137 0.4828125 0.7815533980582524 0.08 0.10455563853622106
53 0.611503125 0.829044062733383 0.683021875 0.829044062733383 0.683021875 0.7312696041822255 0.611503125 0.7312696041822255 0.611503125 0.829044062733383
53 0.7271875 0.7796863330843914 0.078125 0.09335324869305452
38 0.9040625 0.2520537714712472 0.0725 0.08663181478715459
133 0.903125 0.12920089619118746 0.075625 0.08289768483943241