109 0.9130434782608695 0.2855421686746988 0.0463768115942029 0.0963855421686747
141 0.7768115942028986 0.2855421686746988 0.05652173913043478 0.0819277108433735
89 0.1036231884057971 0.3204819277108434 0.06231884057971015 0.11325301204819277
142 0.2702898550724638 0.3216867469879518 0.05507246376811594 0.11325301204819277
180 0.11231884057971014 0.043373493975903614 0.08695652173913043 0.08674698795180723
68 0.9173913043478261 0.44819277108433736 0.06086956521739131 0.08674698795180723
140 0.782608695652174 0.46265060240963857 0.050724637681159424 0.09397590361445783
137 0.26956521739130435 0.5048192771084338 0.0536231884057971 0.1108433734939759
142 0.7811594202898551 0.6313253012048192 0.059420289855072465 0.09879518072289156
98 0.1 0.672289156626506 0.06231884057971015 0.1108433734939759
37 0.186231884057971 0.6746987951807228 0.057971014492753624 0.10602409638554217
3 0.2673913043478261 0.6746987951807228 0.06086956521739131 0.10602409638554217
53 0.4295144927536232 0.769710843373494 0.4852971014492754 0.769710843373494 0.4852971014492754 0.6690843373493977 0.4295144927536232 0.6690843373493977 0.4295144927536232 0.769710843373494
100 0.6398550724637682 0.7204819277108434 0.06086956521739131 0.09156626506024096
102 0.7159420289855073 0.7216867469879518 0.0536231884057971 0.0963855421686747
137 0.3847826086956522 0.7228915662650602 0.05507246376811594 0.0963855421686747
53 0.5384057971014493 0.7228915662650602 0.05507246376811594 0.09397590361445783
180 0.8108695652173913 0.9385542168674699 0.10434782608695652 0.11566265060240964
177 0.9166666666666666 0.09879518072289156 0.0463768115942029 0.0891566265060241
109 0.9536231884057971 0.10602409638554217 0.036231884057971016 0.07951807228915662
59 0.6644927536231884 0.1108433734939759 0.05507246376811594 0.09879518072289156
136 0.7804347826086957 0.11204819277108434 0.05217391304347826 0.10120481927710843
105 0.4963768115942029 0.1144578313253012 0.057971014492753624 0.10361445783132531
28 0.1963768115942029 0.14819277108433734 0.06231884057971015 0.11325301204819277
27 0.10072463768115943 0.15421686746987953 0.06666666666666667 0.10843373493975904