0 0.285 0.14781634938409854 0.07714285714285714 0.1265397536394177
124 0.665 0.14781634938409854 0.07428571428571429 0.11422172452407615
85 0.4757142857142857 0.15005599104143338 0.07642857142857143 0.11758118701007839
128 0.8564285714285714 0.4753639417693169 0.07357142857142857 0.1187010078387458
59 0.475121 0.475756 0.073193 0.112900
58 0.6657142857142857 0.47592385218365063 0.07571428571428572 0.11982082866741321
135 0.28535714285714286 0.4764837625979843 0.07714285714285714 0.1187010078387458
180 0.2025 0.048712206047032476 0.025714285714285714 0.040313549832026875
52 0.8703571428571428 0.8163493840985442 0.07785714285714286 0.08846584546472565
81 0.665 0.8325867861142218 0.08214285714285714 0.13213885778275475
126 0.4757142857142857 0.8342665173572228 0.08142857142857143 0.13213885778275475
