109 0.10565275908479138 0.3027638190954774 0.05652759084791386 0.12311557788944724
102 0.7590847913862718 0.3065326633165829 0.04845222072678331 0.10050251256281408
95 0.30080753701211305 0.5263819095477387 0.05518169582772544 0.09296482412060302
55 0.7590847913862718 0.5263819095477387 0.05652759084791386 0.11055276381909548
64 0.8250336473755047 0.5263819095477387 0.05383580080753701 0.10552763819095477
178 0.10228802153432032 0.5263819095477387 0.08613728129205922 0.13316582914572864
3 0.5255720053835801 0.5263819095477387 0.05518169582772544 0.10050251256281408
32 0.42193808882907136 0.5276381909547738 0.05652759084791386 0.10301507537688442
58 0.797442799461642 0.7035175879396985 0.06191117092866756 0.11306532663316583
28 0.5275908479138627 0.8165829145728644 0.05787348586810229 0.10552763819095477
180 0.3721399730820996 0.13693467336683418 0.04306864064602961 0.0829145728643216