102 0.4967857142857143 0.190671031096563 0.04285714285714286 0.09819967266775777
3 0.405 0.190671031096563 0.045 0.10474631751227496
160 0.585 0.19312602291325695 0.04642857142857143 0.11947626841243862
171 0.046785714285714285 0.1988543371522095 0.052142857142857144 0.11456628477905073
3 0.22142857142857142 0.21685761047463176 0.07571428571428572 0.15711947626841244
3 0.4060714285714286 0.4795417348608838 0.045 0.10474631751227496
102 0.49785714285714283 0.48036006546644844 0.04 0.09656301145662848
160 0.5857142857142857 0.48117839607201307 0.047142857142857146 0.11456628477905073
180 0.15785714285714286 0.06464811783960721 0.041428571428571426 0.09328968903436989
3 0.40464285714285714 0.7757774140752864 0.04428571428571428 0.10801963993453355
102 0.49392857142857144 0.7774140752864157 0.04214285714285714 0.09983633387888707
160 0.5842857142857143 0.7823240589198036 0.04428571428571428 0.10638297872340426
154 0.10357142857142858 0.8281505728314239 0.04214285714285714 0.10310965630114566
29 0.045 0.8567921440261865 0.07 0.16530278232405893
28 0.16392857142857142 0.925531914893617 0.04642857142857143 0.10147299509001637