171 0.03990326481257558 0.7611408199643493 0.07980652962515115 0.13903743315508021
102 0.7986698911729141 0.7192513368983957 0.09673518742442563 0.15151515151515152
3 0.6505441354292624 0.7183600713012478 0.10399032648125756 0.1836007130124777
53 0.9437726723095526 0.7165775401069518 0.10157194679564692 0.1657754010695187
32 0.28476420798065294 0.6524064171122995 0.08222490931076179 0.12121212121212122
29 0.7666263603385731 0.35561497326203206 0.07859733978234583 0.1140819964349376
87 0.6656590084643289 0.3520499108734403 0.05199516324062878 0.1354723707664884
141 0.3234582829504232 0.3520499108734403 0.0761789600967352 0.12121212121212122
142 0.21644498186215236 0.3511586452762923 0.08343409915356712 0.11764705882352941
136 0.44316807738814995 0.3502673796791444 0.08343409915356712 0.12477718360071301
137 0.5646916565900847 0.3493761140819964 0.09189842805320435 0.13725490196078433
81 0.9165659008464329 0.17201426024955438 0.08222490931076179 0.11942959001782531
36 0.7920193470374849 0.17023172905525846 0.09310761789600967 0.11764705882352941
28 0.6807738814993954 0.1657754010695187 0.08101571946795647 0.11586452762923351
37 0.4860943168077388 0.8288770053475936 0.09310761789600967 0.1354723707664884