54 0.871692060946271 0.6634920634920635 0.03769045709703288 0.08253968253968254
137 0.6720128307939054 0.6626984126984127 0.05693664795509222 0.12222222222222222
137 0.773055332798717 0.6619047619047619 0.02967121090617482 0.08571428571428572
137 0.33279871692060947 0.6611111111111111 0.057738572574178026 0.11746031746031746
54 0.09743384121892543 0.6595238095238095 0.038492381716118684 0.0873015873015873
54 0.5212510024057738 0.6571428571428571 0.03528468323977546 0.0873015873015873
55 0.8712910986367282 0.4801587301587302 0.04570970328789094 0.08888888888888889
55 0.09983961507618284 0.4793650793650794 0.03528468323977546 0.08095238095238096
56 0.21772253408179632 0.4785714285714286 0.046511627906976744 0.08412698412698413
56 0.7702485966319166 0.476984126984127 0.04570970328789094 0.08571428571428572
16 0.33279871692060947 0.47619047619047616 0.057738572574178026 0.11428571428571428
16 0.6708099438652767 0.4746031746031746 0.06415396952686447 0.11746031746031746
55 0.5220529270248596 0.4738095238095238 0.04330392943063352 0.08888888888888889
128 0.5220529270248596 0.3007936507936508 0.04330392943063352 0.09523809523809523
128 0.8728949478748997 0.2976190476190476 0.046511627906976744 0.09206349206349207
137 0.7718524458700882 0.29603174603174603 0.03287890938251804 0.08888888888888889
137 0.6708099438652767 0.29523809523809524 0.0545308740978348 0.11428571428571428
128 0.09943865276663993 0.29365079365079366 0.048115477145148355 0.09206349206349207
137 0.33279871692060947 0.29285714285714287 0.061748195669607056 0.11904761904761904
180 0.9574979951884522 0.9230158730158731 0.02566158781074579 0.05555555555555555
132 0.9518845228548516 0.8595238095238096 0.02566158781074579 0.05555555555555555
132 0.4330392943063352 0.8587301587301587 0.026463512429831595 0.05396825396825397