137 0.755859375 0.2152777777777778 0.076171875 0.15476190476190477
102 0.833984375 0.2152777777777778 0.04296875 0.07539682539682539
144 0.59375 0.21726190476190477 0.0791015625 0.14682539682539683
53 0.9111328125 0.21825396825396826 0.0830078125 0.16666666666666666
102 0.36572265625 0.32043650793650796 0.0751953125 0.16071428571428573
102 0.599609375 0.435515873015873 0.0341796875 0.07341269841269842
137 0.1767578125 0.45535714285714285 0.068359375 0.16468253968253968
102 0.24462890625 0.4583333333333333 0.0390625 0.07936507936507936
53 0.90576171875 0.5992063492063492 0.0751953125 0.16468253968253968
137 0.5986328125 0.6081349206349206 0.078125 0.1527777777777778
102 0.75439453125 0.6081349206349206 0.0654296875 0.18055555555555555
102 0.36328125 0.6150793650793651 0.0810546875 0.16071428571428573
180 0.1328125 0.13095238095238096 0.0400390625 0.08531746031746032
53 0.044921875 0.48412698412698413 0.08984375 0.1765873015873016