102 0.29833333333333334 0.8245614035087719 0.056666666666666664 0.12440191387559808
89 0.9116666666666666 0.784688995215311 0.06416666666666666 0.12759170653907495
95 0.7216666666666667 0.5669856459330144 0.075 0.12440191387559808
170 0.9075 0.5661881977671451 0.060833333333333336 0.13078149920255183
102 0.30833333333333335 0.5558213716108453 0.059166666666666666 0.11961722488038277
3 0.5345833333333333 0.5502392344497608 0.059166666666666666 0.13078149920255183
102 0.3225 0.3397129186602871 0.059166666666666666 0.11961722488038277
152 0.9095833333333333 0.33811802232854865 0.06333333333333334 0.11642743221690591
102 0.4295833333333333 0.9314194577352473 0.059166666666666666 0.11483253588516747
137 0.5354166666666667 0.30462519936204147 0.07 0.12759170653907495
102 0.16375 0.22727272727272727 0.06 0.1291866028708134
99 0.2675 0.11084529505582137 0.0425 0.08931419457735247