59 0.4086636971046771 0.23427991886409735 0.05918708240534521 0.09141987829614605
53 0.13527839643652562 0.7074239350912779 0.05188195991091314 0.1001419878296146
53 0.21981069042316256 0.7051724137931034 0.05267260579064588 0.1046450304259635
53 0.3094988864142539 0.7036713995943206 0.05140311804008908 0.11064908722109533
136 0.4560913140311804 0.05890466531440162 0.0550445434298441 0.11780933062880324
32 0.8197772828507794 0.05740365111561866 0.05984409799554566 0.11480730223123732
142 0.8296770601336302 0.31762677484787016 0.05488864142538975 0.10488843813387425
28 0.8321492204899777 0.5132860040567951 0.049944320712694876 0.10401622718052739
53 0.8364810690423162 0.7258215010141987 0.06602449888641425 0.12340770791075051
59 0.573630289532294 0.5891277890466532 0.04515590200445434 0.0844421906693712
137 0.9464031180400891 0.3075050709939148 0.0631403118040089 0.12517241379310345
102 0.948663697104677 0.5144016227180527 0.05530066815144766 0.10176470588235295
140 0.9492873051224945 0.7243204868154157 0.05406458797327394 0.10239350912778904