141 0.4741435897435898 0.21346153846153845 0.07103589743589744 0.07200265251989389
171 0.1106051282051282 0.26746684350132627 0.07363076923076924 0.0776790450928382
137 0.8623384615384615 0.29114058355437666 0.0738051282051282 0.09852785145888596
102 0.7407589743589744 0.2984084880636605 0.07677948717948718 0.08652519893899203
28 0.46975384615384613 0.3062997347480106 0.06811282051282051 0.09852785145888596
171 0.11353846153846155 0.3972413793103448 0.07363076923076924 0.07578249336870027
139 0.4560820512820513 0.4496684350132626 0.046625641025641026 0.051790450928381956
137 0.6997333333333333 0.473342175066313 0.12953846153846155 0.17115384615384616
3 0.3506051282051282 0.4752387267904509 0.08182564102564102 0.09157824933687002
139 0.19972307692307692 0.47619363395225467 0.07896410256410256 0.0896816976127321
102 0.4829333333333333 0.4806100795755968 0.07689230769230769 0.09094164456233421
65 0.7024205128205129 0.733236074270557 0.09682051282051282 0.11872679045092838
142 0.3501230769230769 0.7338594164456234 0.0749948717948718 0.0896816976127321
53 0.8662461538461539 0.7344960212201591 0.09333333333333334 0.11367374005305039
102 0.48146666666666665 0.7351326259946949 0.07395897435897436 0.09220159151193634
180 0.3584205128205128 0.09347480106100796 0.08573333333333334 0.08209549071618037
95 0.1005948717948718 0.11021220159151193 0.07412307692307692 0.10420424403183023
98 0.45547692307692306 0.099973474801061 0.07411282051282052 0.08831564986737402
98 0.17475897435897433 0.11185676392572945 0.06654358974358975 0.08887267904509284