180 0.017578125 0.11802575107296137 0.03515625 0.02575107296137339
59 0.4934895833333333 0.1936695278969957 0.10026041666666667 0.08798283261802575
55 0.2649739583333333 0.3315450643776824 0.11588541666666667 0.09549356223175966
55 0.72265625 0.33530042918454933 0.11848958333333333 0.09227467811158799
95 0.4973958333333333 0.03755364806866953 0.13411458333333334 0.07081545064377683
59 0.4928385416666667 0.48873390557939916 0.10286458333333333 0.08798283261802575
55 0.2662760416666667 0.6276824034334764 0.11197916666666667 0.09763948497854077
55 0.7213541666666666 0.6303648068669528 0.10677083333333333 0.0944206008583691
53 0.6757031250000001 0.8697639484978541 0.7677864583333333 0.8697639484978541 0.7677864583333333 0.786244635193133 0.6757031250000001 0.786244635193133 0.6757031250000001 0.8697639484978541
137 0.4928385416666667 0.8283261802575107 0.10807291666666667 0.08798283261802575
53 0.21780598958333333 0.8685675965665236 0.31370442708333335 0.8685675965665236 0.31370442708333335 0.7916040772532189 0.21780598958333333 0.7916040772532189 0.21780598958333333 0.8685675965665236