28 0.8515625 0.15384615384615385 0.0595703125 0.08811188811188811
53 0.60595703125 0.19090909090909092 0.0634765625 0.0937062937062937
102 0.44775390625 0.1916083916083916 0.064453125 0.0965034965034965
3 0.30615234375 0.193006993006993 0.0654296875 0.0937062937062937
180 0.2197265625 0.025174825174825177 0.0224609375 0.032167832167832165
179 0.85302734375 0.2846153846153846 0.0615234375 0.09230769230769231
81 0.70263671875 0.33986013986013985 0.068359375 0.0965034965034965
102 0.451171875 0.4090909090909091 0.0634765625 0.0951048951048951
3 0.31005859375 0.4111888111888112 0.0625 0.0965034965034965
141 0.6083984375 0.6020979020979021 0.064453125 0.09090909090909091
132 0.2421875 0.06993006993006994 0.01953125 0.03076923076923077
81 0.70654296875 0.7391608391608392 0.0673828125 0.08811188811188811
53 0.60888671875 0.8055944055944056 0.0615234375 0.0951048951048951
3 0.3095703125 0.8062937062937063 0.064453125 0.0951048951048951
102 0.44970703125 0.8062937062937063 0.0634765625 0.09230769230769231
81 0.70166015625 0.11538461538461539 0.06640625 0.1034965034965035