31 0.12041467304625199 0.2685009487666034 0.08293460925039872 0.09867172675521822
59 0.4130781499202552 0.2969639468690702 0.08771929824561403 0.09867172675521822
59 0.41148325358851673 0.29791271347248577 0.06698564593301436 0.0777988614800759
137 0.7783094098883573 0.45540796963946867 0.06698564593301436 0.08538899430740038
141 0.11722488038277512 0.4573055028462998 0.08931419457735247 0.08349146110056926
53 0.11562998405103668 0.6176470588235294 0.08133971291866028 0.0967741935483871
55 0.34688995215311 0.7798861480075902 0.09728867623604466 0.11385199240986717
128 0.6331738437001595 0.7808349146110057 0.06220095693779904 0.09487666034155598
128 0.5007974481658692 0.7941176470588235 0.05901116427432217 0.08538899430740038
140 0.12041467304625199 0.801707779886148 0.09250398724082935 0.09297912713472485
32 0.7767145135566188 0.15939278937381404 0.07496012759170653 0.08159392789373814
136 0.41467304625199364 0.1698292220113852 0.08293460925039872 0.07969639468690702