180 0.84912109375 0.9264322916666666 0.0322265625 0.0390625
171 0.94287109375 0.7727864583333334 0.04296875 0.057291666666666664
136 0.939453125 0.544921875 0.0556640625 0.07291666666666667
96 0.77880859375 0.55078125 0.0478515625 0.06380208333333333
112 0.65966796875 0.728515625 0.0390625 0.052083333333333336
125 0.7119140625 0.8248697916666666 0.02734375 0.036458333333333336
125 0.71337890625 0.46875 0.025390625 0.032552083333333336
171 0.94140625 0.3736979166666667 0.0400390625 0.06380208333333333
112 0.66162109375 0.3828125 0.0361328125 0.0546875
55 0.53662109375 0.7076822916666666 0.0625 0.0859375
55 0.5361328125 0.4010416666666667 0.0615234375 0.08203125
55 0.34521484375 0.7024739583333334 0.0625 0.08333333333333333
55 0.34326171875 0.4010416666666667 0.0625 0.08463541666666667
123 0.4248046875 0.484375 0.025390625 0.033854166666666664
123 0.42431640625 0.8372395833333334 0.02734375 0.037760416666666664
13 0.57763671875 0.7897135416666666 0.0244140625 0.03125
59 0.435546875 0.5520833333333334 0.0419921875 0.052083333333333336
56 0.3291015625 0.5520833333333334 0.0400390625 0.053385416666666664
11 0.205078125 0.7747395833333334 0.0419921875 0.055989583333333336
62 0.205078125 0.6796875 0.046875 0.053385416666666664
62 0.2041015625 0.4407552083333333 0.0439453125 0.052083333333333336
11 0.205078125 0.345703125 0.0419921875 0.057291666666666664
13 0.39013671875 0.7903645833333334 0.0244140625 0.032552083333333336