28 0.851689453125 0.15379020979020977 0.05943359375 0.08847552447552447
53 0.605771484375 0.1910769230769231 0.063193359375 0.09311888111888111
102 0.4479296875 0.19137062937062937 0.064892578125 0.09718881118881117
3 0.306357421875 0.19311888111888115 0.064951171875 0.09369230769230769
180 0.2197265625 0.02521678321678322 0.022197265625 0.03255944055944056
179 0.85291015625 0.2848671328671329 0.061875 0.0918881118881119
81 0.702763671875 0.3395244755244755 0.0680078125 0.09696503496503496
102 0.4509765625 0.408965034965035 0.063671875 0.0953006993006993
3 0.31001953125 0.410993006993007 0.062509765625 0.09588811188811189
141 0.608623046875 0.6023776223776224 0.06400390625 0.09053146853146854
132 0.242109375 0.06969230769230769 0.019755859375 0.03058741258741259
81 0.706708984375 0.739006993006993 0.0675390625 0.08874125874125874
53 0.608828125 0.8053986013986014 0.06197265625 0.09447552447552447
3 0.309814453125 0.805986013986014 0.064541015625 0.09563636363636363
102 0.449560546875 0.8062657342657343 0.06326171875 0.09272727272727273
81 0.701826171875 0.11514685314685315 0.066142578125 0.10376223776223775