180 0.08200132100396301 0.03672941176470588 0.03625495376486129 0.0656235294117647
137 0.14914134742404228 0.19109411764705883 0.038428005284015854 0.0743529411764706
177 0.028758256274768825 0.5132941176470588 0.043712021136063414 0.08051764705882353
55 0.35935270805812414 0.22123529411764709 0.03944517833553501 0.07285882352941177
88 0.2730977542932629 0.15238823529411766 0.043606340819022454 0.04987058823529412
102 0.27336856010568034 0.2464705882352941 0.04085204755614267 0.07921176470588236
3 0.3142404227212682 0.3645764705882353 0.04333553500660502 0.07424705882352942
3 0.3365257595772787 0.7253294117647059 0.04331571994715984 0.0722235294117647
3 0.5615984147952444 0.619964705882353 0.044319682959048874 0.07915294117647059
3 0.5615984147952444 0.3658823529411765 0.044319682959048874 0.07391764705882353
137 0.2124306472919419 0.857635294117647 0.03951783355350066 0.07214117647058824
102 0.33487450462351387 0.8627882352941176 0.046618229854689566 0.07949411764705881
145 0.5611822985468956 0.8524941176470588 0.041849405548216645 0.07655294117647057
160 0.5611030383091149 0.11514117647058825 0.04332892998678996 0.07537647058823528
142 0.6641479524438573 0.36505882352941177 0.04301188903566711 0.07521176470588235
102 0.665105680317041 0.5125647058823529 0.04328929986789961 0.07610588235294118
102 0.8000726552179657 0.33394117647058824 0.0440554821664465 0.07474117647058824
57 0.8010303830911493 0.19525882352941176 0.04103038309114927 0.07972941176470588
62 0.8022721268163805 0.46085882352941177 0.041856010568031704 0.06976470588235294
28 0.9359180977542932 0.2737294117647059 0.04329590488771466 0.07491764705882353
28 0.9222985468956406 0.7444235294117647 0.044121532364597094 0.07805882352941176
141 0.8024702774108323 0.7463764705882352 0.04389696169088507 0.07609411764705883
102 0.801228533685601 0.8649764705882353 0.043077939233817704 0.06622352941176471
102 0.9232628797886393 0.8657058823529412 0.04109643328929987 0.07063529411764706