139 0.2864636752136752 0.2938211382113821 0.06632478632478632 0.14650406504065042
6 0.19092948717948718 0.29493902439024394 0.07467948717948719 0.1442479674796748
53 0.9369123931623932 0.40782520325203253 0.07092948717948717 0.1441666666666667
102 0.7659401709401709 0.41121951219512193 0.07560897435897436 0.14642276422764228
180 0.507051282051282 0.04467479674796748 0.019743589743589744 0.04599593495934959
3 0.5641880341880342 0.4575 0.0709508547008547 0.13510162601626016
171 0.05732905982905982 0.48896341463414633 0.08823717948717949 0.17847560975609755
87 0.40219017094017095 0.5181097560975609 0.0472008547008547 0.057906504065040644
102 0.7671367521367521 0.6042479674796748 0.07323717948717949 0.1485569105691057
28 0.9351175213675214 0.8245325203252033 0.08233974358974358 0.1466869918699187
87 0.7659401709401709 0.8266260162601626 0.07086538461538461 0.1461788617886179
37 0.5641880341880342 0.13691056910569105 0.0709508547008547 0.13981707317073172
171 0.05376068376068376 0.13583333333333333 0.08505341880341881 0.14585365853658538