166 0.202431640625 0.1887052810902896 0.069462890625 0.12756388415672912
28 0.884052734375 0.19083475298126065 0.072822265625 0.1318228279386712
74 0.549033203125 0.19190800681431006 0.074189453125 0.13395229982964224
104 0.751015625 0.19616695059625214 0.075322265625 0.13395229982964224
137 0.387333984375 0.19722316865417375 0.077919921875 0.13608177172061328
141 0.884052734375 0.3952129471890971 0.070380859375 0.13170357751277684
74 0.488017578125 0.4196933560477002 0.07421875 0.12529812606473595
74 0.2787109375 0.4867461669505963 0.068203125 0.11885860306643951
102 0.892587890625 0.6006303236797275 0.077705078125 0.12943781942078364
74 0.4495703125 0.6272402044293015 0.073017578125 0.13155025553662691
104 0.232333984375 0.6314991482112436 0.07310546875 0.13155025553662691
64 0.754072265625 0.8326746166950596 0.07166015625 0.1335604770017036
3 0.461162109375 0.8337478705281091 0.079111328125 0.13143100511073255
59 0.606396484375 0.8337478705281091 0.07904296875 0.13993185689948892
74 0.2366015625 0.8369335604770016 0.074326171875 0.12928449744463374
128 0.89869140625 0.8411925042589438 0.07525390625 0.1335434412265758
177 0.062314453125 0.6701873935264054 0.048056640625 0.08965928449744463
180 0.156123046875 0.06950596252129472 0.03302734375 0.059522998296422484