180 0.28687263556116016 0.1533447488584475 0.02776796973518285 0.05078767123287672
21 0.653562421185372 0.18713470319634704 0.029722572509457756 0.04988584474885845
171 0.07295712484237074 0.24643835616438356 0.038972257250945774 0.06996575342465754
40 0.3655548549810845 0.2498972602739726 0.035365699873896594 0.0669634703196347
41 0.5960403530895334 0.25275114155251144 0.031324085750315256 0.06125570776255707
137 0.758360655737705 0.2534703196347032 0.032831021437578815 0.06268264840182648
20 0.6543505674653215 0.3469063926940639 0.03445145018915511 0.0611986301369863
100 0.5302459016393443 0.34833333333333333 0.033720050441361914 0.06690639269406393
102 0.4664186633039092 0.34904109589041094 0.03689785624211854 0.06547945205479452
131 0.7575725094577553 0.461027397260274 0.034407313997477935 0.06398401826484018
8 0.3655548549810845 0.47671232876712333 0.03378940731399748 0.06397260273972602
3 0.4664186633039092 0.47743150684931507 0.03532156368221942 0.06254566210045662
102 0.5700378310214376 0.5779908675799087 0.03291298865069357 0.0639041095890411
102 0.3651639344262295 0.5787100456621005 0.036153846153846154 0.06818493150684932
102 0.46563051702395963 0.5787100456621005 0.03216897856242119 0.062477168949771685
3 0.66656368221942 0.5801369863013699 0.03523329129886507 0.0653310502283105
127 0.75796973518285 0.6799885844748857 0.032042875157629255 0.06242009132420091
128 0.46575031525851196 0.7494520547945205 0.03371374527112232 0.0648972602739726
128 0.5714186633039092 0.7494520547945205 0.0360718789407314 0.0648972602739726
53 0.66656368221942 0.7513127853881278 0.03365699873896595 0.05952054794520548
128 0.3660907944514502 0.752716894977169 0.03255359394703657 0.058367579908675804
180 0.03994325346784363 0.9646461187214611 0.05940731399747793 0.06476027397260274