123 0.5066793893129771 0.18210361067503925 0.02767175572519084 0.0565149136577708
123 0.7480916030534351 0.18602825745682888 0.02862595419847328 0.054945054945054944
123 0.2719465648854962 0.23312401883830455 0.030534351145038167 0.054945054945054944
11 0.8120229007633588 0.24725274725274726 0.05534351145038168 0.09576138147566719
74 0.5725190839694656 0.24725274725274726 0.05343511450381679 0.09262166405023547
136 0.18845419847328243 0.34615384615384615 0.04103053435114504 0.06593406593406594
59 0.3373091603053435 0.35243328100470955 0.05725190839694656 0.09105180533751962
175 0.07395038167938932 0.3563579277864992 0.05152671755725191 0.08634222919937205
123 0.7485687022900763 0.3814756671899529 0.03244274809160305 0.0565149136577708
123 0.5062022900763359 0.38304552590266877 0.026717557251908396 0.054945054945054944
74 0.5729961832061069 0.4340659340659341 0.05438931297709924 0.09262166405023547
11 0.8139312977099237 0.434850863422292 0.05438931297709924 0.09105180533751962
180 0.18702290076335878 0.05102040816326531 0.04198473282442748 0.07849293563579278
28 0.9155534351145038 0.05337519623233909 0.04770992366412214 0.08948194662480377
44 0.07538167938931298 0.554945054945055 0.04961832061068702 0.08320251177394035
123 0.2738549618320611 0.6711145996860283 0.03435114503816794 0.0565149136577708
42 0.37452290076335876 0.7237048665620094 0.05152671755725191 0.06750392464678179
55 0.5706106870229007 0.7786499215070644 0.05438931297709924 0.10047095761381476
171 0.04770992366412214 0.814756671899529 0.05343511450381679 0.07849293563579278
42 0.37595419847328243 0.8312401883830455 0.05438931297709924 0.06593406593406594
148 0.04532442748091603 0.9167974882260597 0.03435114503816794 0.07221350078492936
87 0.18845419847328243 0.9497645211930926 0.042938931297709926 0.0706436420722135