102 0.49675 0.19034369885433713 0.042635714285714284 0.09882160392798692
3 0.4051 0.19080196399345337 0.04505 0.10517184942716859
160 0.5851285714285714 0.19292962356792143 0.04635714285714286 0.11962356792144027
171 0.046842857142857144 0.19852700490998362 0.05234285714285714 0.11517184942716858
3 0.22160714285714286 0.21715220949263503 0.07567857142857143 0.1578887070376432
3 0.40609285714285714 0.4798527004909984 0.04465714285714286 0.10499181669394436
102 0.49794285714285713 0.4807528641571195 0.04025 0.09590834697217676
160 0.5856071428571429 0.4814402618657938 0.04731428571428571 0.1139934533551555
180 0.1579357142857143 0.06445171849427168 0.041185714285714284 0.0925368248772504
3 0.4047071428571429 0.7761702127659574 0.044257142857142856 0.10844517184942717
102 0.4939714285714285 0.7770867430441899 0.04184285714285714 0.09936170212765957
160 0.5841785714285714 0.7819476268412439 0.04445714285714286 0.10617021276595745
154 0.10357857142857142 0.8279869067103109 0.04200714285714286 0.10296235679214402
29 0.04505714285714286 0.8566121112929623 0.0702 0.16566284779050736
28 0.16407857142857143 0.9252536824877251 0.04634285714285714 0.10108019639934533