59 0.3835973353071799 0.1100593471810089 0.06441154700222057 0.09483679525222552
176 0.6295336787564767 0.2573986152324431 0.06183567727609179 0.07694362017804154
176 0.16430051813471502 0.2577250247279921 0.061051073279052556 0.08156280909990109
95 0.9146928201332346 0.3701186943620178 0.0932938564026647 0.09665677546983185
95 0.769896 0.381662 0.073124 0.076212
59 0.3823612139156181 0.4060435212660732 0.06490747594374537 0.09333333333333334
55 0.16427091043671355 0.5504451038575667 0.06610658771280534 0.08978239366963402
55 0.6323464100666173 0.5507121661721068 0.07207994078460399 0.09363006923837784
12 0.38211695040710586 0.5560138476755687 0.06737231680236862 0.08862512363996043
53 0.16694300518134714 0.8207220573689417 0.06404885270170245 0.083026706231454
123 0.3833530717986676 0.8216815034619189 0.060954848260547735 0.08186943620178042
128 0.6327535159141376 0.8218199802176064 0.0679718726868986 0.09181998021760633
