3 0.7609223300970874 0.6863033873343152 0.06310679611650485 0.11487481590574374
102 0.5894012944983819 0.6833578792341679 0.06229773462783172 0.12223858615611193
53 0.41585760517799353 0.6782032400589102 0.06715210355987054 0.12371134020618557
79 0.5894012944983819 0.41310751104565535 0.06229773462783172 0.11929307805596466
137 0.39927184466019416 0.40942562592047127 0.06553398058252427 0.12223858615611193
28 0.11084142394822007 0.16126656848306334 0.06634304207119741 0.12076583210603829
37 0.69457928802589 0.8976435935198822 0.06472491909385113 0.12223858615611193
53 0.4199029126213592 0.8726067746686303 0.06553398058252427 0.1134020618556701
102 0.2896440129449838 0.8703976435935199 0.06310679611650485 0.12223858615611193
171 0.948220064724919 0.4955817378497791 0.04773462783171521 0.08541973490427099
141 0.159789644012945 0.874079528718704 0.06796116504854369 0.11929307805596466
171 0.06674757281553398 0.5265095729013255 0.04611650485436893 0.08541973490427099
55 0.3932038834951456 0.16494845360824742 0.06877022653721683 0.12665684830633284