32 0.501015625 0.1623785803237858 0.056328125 0.07361145703611457
171 0.07279296875 0.1929016189290162 0.078779296875 0.09731008717310087
171 0.93107421875 0.20049813200498132 0.081474609375 0.10316313823163138
125 0.31140625 0.29185554171855543 0.01837890625 0.024022415940224157
125 0.576923828125 0.29290161892901617 0.01880859375 0.026089663760896636
95 0.504931640625 0.034346201743462014 0.0825 0.0686799501867995
137 0.237197265625 0.3467870485678705 0.053583984375 0.07194271481942716
1 0.553701171875 0.35896637608966375 0.056708984375 0.07452054794520549
81 0.074013671875 0.4141469489414695 0.086103515625 0.09457036114570361
81 0.93310546875 0.41551681195516815 0.085537109375 0.09420921544209217
123 0.310068359375 0.4991033623910336 0.01896484375 0.025466998754669987
55 0.327890625 0.5503985056039851 0.022724609375 0.030460772104607722
55 0.596259765625 0.551519302615193 0.0216015625 0.026948941469489417
42 0.419287109375 0.6036612702366128 0.04248046875 0.0374719800747198
42 0.688671875 0.6036612702366128 0.043251953125 0.0374719800747198
42 0.355380859375 0.6044209215442092 0.049609375 0.03899128268991282
42 0.624326171875 0.6047945205479451 0.044169921875 0.03973848069738481
42 0.483935546875 0.6053673723536738 0.042158203125 0.038605230386052306
42 0.755390625 0.6059277708592777 0.043525390625 0.032951432129514326
63 0.236796875 0.6115940224159402 0.05765625 0.07540473225404731
162 0.935546875 0.656214196762142 0.0611328125 0.0650186799501868
123 0.3112890625 0.7423910336239103 0.019775390625 0.024271481942714817
142 0.237197265625 0.8061145703611456 0.058466796875 0.07216687422166874
62 0.553701171875 0.8061145703611456 0.056708984375 0.07216687422166874
53 0.689971 0.806837 0.067549 0.088443
53 0.418457 0.807435 0.076963 0.082516
180 0.152958984375 0.1114694894146949 0.01763671875 0.02443337484433375
