59 0.38341968911917096 0.1102868447082097 0.06439674315321983 0.09495548961424333
176 0.6295336787564767 0.2571711177052423 0.06217616580310881 0.0771513353115727
176 0.16432272390821615 0.25766567754698316 0.06069578090303479 0.08110781404549951
95 0.9148778682457439 0.36993076162215627 0.09326424870466321 0.09693372898120672
95 0.769896 0.381662 0.073124 0.076212
59 0.3823094004441155 0.40603363006923837 0.06513693560325684 0.09297725024727992
55 0.16432272390821615 0.5504451038575667 0.06587712805329386 0.09000989119683482
55 0.6324944485566247 0.5509396636993076 0.07179866765358993 0.09396636993076163
12 0.38193930421909694 0.5558852621167161 0.06735751295336788 0.08902077151335312
53 0.16691339748334566 0.820969337289812 0.06439674315321983 0.0830860534124629
123 0.38341968911917096 0.8214638971315529 0.06069578090303479 0.0820969337289812
128 0.6328645447816432 0.8219584569732937 0.06809770540340489 0.09198813056379822
