55 0.7230769230769231 0.7914389799635702 0.1264957264957265 0.11475409836065574
136 0.3003504273504274 0.7308287795992714 0.20395726495726496 0.7308287795992714 0.20395726495726496 0.8327049180327868 0.3003504273504274 0.8327049180327868 0.3003504273504274 0.7308287795992714
95 0.06068376068376068 0.7777777777777778 0.09914529914529914 0.11839708561020036
139 0.7350427350427351 0.6493624772313297 0.06837606837606838 0.08743169398907104
139 0.8068376068376069 0.6475409836065574 0.07008547008547009 0.08196721311475409
139 0.6606837606837607 0.6466302367941712 0.07692307692307693 0.08561020036429873
59 0.3786324786324786 0.6174863387978142 0.08547008547008547 0.10746812386156648
32 0.24871794871794872 0.6165755919854281 0.11965811965811966 0.12750455373406194
12 0.5068376068376068 0.6138433515482696 0.12991452991452992 0.122040072859745
139 0.6623931623931624 0.5619307832422586 0.07008547008547009 0.07468123861566485
139 0.8076923076923077 0.5619307832422586 0.07179487179487179 0.07650273224043716
139 0.7341880341880341 0.5601092896174863 0.07008547008547009 0.08014571948998178
139 0.8068376068376069 0.4772313296903461 0.07692307692307693 0.08378870673952642
139 0.7333333333333333 0.4763205828779599 0.08034188034188035 0.08925318761384335
62 0.18205128205128204 0.44171220400728595 0.08888888888888889 0.07468123861566485
137 0.29572649572649573 0.4408014571948998 0.0735042735042735 0.07103825136612021
180 0.06837606837606838 0.930783242258652 0.1111111111111111 0.10746812386156648
102 0.5470085470085471 0.27140255009107467 0.07692307692307693 0.06557377049180328
105 0.2153846153846154 0.2686703096539162 0.07179487179487179 0.08014571948998178
160 0.44529914529914527 0.2650273224043716 0.07521367521367521 0.07103825136612021
65 0.6794871794871795 0.2641165755919854 0.09230769230769231 0.08014571948998178
26 0.8222222222222222 0.26320582877959925 0.09914529914529914 0.09289617486338798
181 0.33247863247863246 0.26138433515482695 0.08034188034188035 0.09107468123861566
95 0.5119658119658119 0.09562841530054644 0.09743589743589744 0.09107468123861566
3 0.2153846153846154 0.09016393442622951 0.09401709401709402 0.10018214936247723