177 0.218564453125 0.037448609431680775 0.051650390625 0.04428053204353083
109 0.26103515625 0.03140266021765417 0.0369921875 0.0628174123337364
125 0.350703125 0.17223700120918983 0.026865234375 0.03089480048367594
123 0.33443359375 0.31024183796856103 0.02947265625 0.03362756952841596
123 0.466240234375 0.3124667472793229 0.023564453125 0.030810157194679565
123 0.598212890625 0.31145102781136635 0.023828125 0.03120918984280532
180 0.0651171875 0.13255139056831924 0.031865234375 0.03615477629987908
171 0.02345703125 0.4077509068923821 0.038388671875 0.04486094316807739
75 0.136552734375 0.40634824667472796 0.047783203125 0.05412333736396614
59 0.395126953125 0.22401451027811364 0.05515625 0.05946795646916566
59 0.6471875 0.22340991535671098 0.045615234375 0.055852478839177745
55 0.395126953125 0.3745102781136639 0.05125 0.06784764207980652
55 0.648486328125 0.3735066505441354 0.04822265625 0.06824667472793228
30 0.519287109375 0.3735066505441354 0.039814453125 0.05373639661426844
176 0.6050390625 0.48029020556227325 0.0453125 0.05448609431680774
3 0.521396484375 0.47987908101571947 0.04599609375 0.058512696493349454
53 0.9273046875 0.5204715840386941 0.041396484375 0.04778718258766627
50 0.800703125 0.5593470374848851 0.038193359375 0.05542926239419589
55 0.673779296875 0.6486094316807739 0.042158203125 0.04771463119709794
102 0.579716796875 0.6471946795646917 0.04154296875 0.05698911729141475
102 0.38103515625 0.729794437726723 0.04064453125 0.05290205562273277
55 0.47330078125 0.7320072551390568 0.04353515625 0.05492140266021766
64 0.47525390625 0.6471946795646917 0.03962890625 0.05215235792019347
58 0.38216796875 0.648403869407497 0.0448828125 0.04973397823458283
122 0.4189453125 0.8210640870616687 0.0403125 0.05406287787182588
142 0.38783203125 0.9369649334945587 0.044482421875 0.053700120918984275
141 0.4786328125 0.9375695284159613 0.038583984375 0.04765417170495768
28 0.5875 0.9367714631197098 0.039521484375 0.050882708585247884
179 0.68318359375 0.9359613059250302 0.039482421875 0.04927448609431681
158 0.136552734375 0.6438089480048367 0.043876953125 0.05504232164449819