102 0.29346636259977193 0.31828260869565217 0.07417331812998859 0.1357391304347826
3 0.18622576966932725 0.31867391304347825 0.07759407069555302 0.1413695652173913
55 0.8233637400228051 0.3307391304347826 0.06972633979475484 0.13654347826086957
55 0.48685290763968075 0.3327608695652174 0.07070695553021665 0.1357391304347826
12 0.6629190421892817 0.3339782608695652 0.06809578107183581 0.13330434782608697
177 0.05280501710376283 0.33517391304347827 0.0692018244013683 0.1308913043478261
132 0.16405929304446978 0.03858695652173913 0.03580387685290764 0.07393478260869565
55 0.8235689851767388 0.46356521739130435 0.0676054732041049 0.12195652173913044
55 0.8229418472063854 0.5923478260869566 0.06888255416191562 0.12832608695652173
128 0.4527594070695553 0.6392826086956521 0.5213568985176739 0.6392826086956521 0.5213568985176739 0.7723695652173913 0.4527594070695553 0.7723695652173913
137 0.2204218928164196 0.7239565217391304 0.04464082098061573 0.09684782608695651
136 0.47376282782212087 0.16856521739130437 0.03946408209806157 0.06821739130434783
171 0.05212086659064995 0.531804347826087 0.06069555302166476 0.1153695652173913