100 0.48293963254593175 0.7779816513761468 0.08530183727034121 0.13394495412844037
102 0.3438320209973753 0.7770642201834862 0.08398950131233596 0.13577981651376148
3 0.7368766404199475 0.7761467889908257 0.08136482939632546 0.12844036697247707
102 0.6253280839895013 0.7761467889908257 0.08136482939632546 0.12844036697247707
141 0.1778215223097113 0.7752293577981652 0.0984251968503937 0.13394495412844037
137 0.49934383202099736 0.581651376146789 0.08136482939632546 0.10091743119266056
62 0.27493438320209973 0.563302752293578 0.07742782152230972 0.09174311926605505
68 0.15354330708661418 0.29541284403669726 0.11286089238845144 0.12660550458715597
102 0.31496062992125984 0.281651376146789 0.08923884514435695 0.13027522935779817
141 0.4757217847769029 0.28073394495412846 0.09973753280839895 0.13761467889908258
102 0.6528871391076115 0.2798165137614679 0.09055118110236221 0.12110091743119267
87 0.09711286089238845 0.8889908256880734 0.048556430446194225 0.08623853211009175