54 0.12830793905372895 0.33650793650793653 0.0373616680032077 0.08307936507936509
137 0.3279871692060946 0.33695238095238095 0.05712910986367281 0.12212698412698413
137 0.22685645549318362 0.33782539682539686 0.029975942261427427 0.08571428571428572
137 0.6673937449879711 0.33922222222222226 0.05775461106655974 0.11760317460317461
54 0.9025581395348837 0.34044444444444444 0.03814755412991179 0.08698412698412698
54 0.4789093825180433 0.34246031746031746 0.03488372093023256 0.08703174603174603
55 0.12864474739374498 0.519984126984127 0.046046511627906975 0.08892063492063493
55 0.9000561347233359 0.5202857142857142 0.035140336808340014 0.08158730158730158
56 0.7822935044105854 0.5216190476190476 0.046214915797915 0.08423809523809524
56 0.2296952686447474 0.5226349206349207 0.04567762630312751 0.08626984126984127
16 0.6673937449879711 0.5235873015873016 0.05775461106655974 0.11446031746031746
16 0.3291339214113873 0.5251111111111111 0.06400160384923817 0.11747619047619048
55 0.47807538091419405 0.5262698412698413 0.0432317562149158 0.08957142857142857
128 0.47807538091419405 0.6994920634920635 0.0432317562149158 0.09476190476190477
128 0.12697674418604651 0.7021428571428572 0.04672012830793905 0.09211111111111112
137 0.22819566960705695 0.7041269841269842 0.03264635124298316 0.08814285714285715
137 0.3291339214113873 0.704936507936508 0.05484362469927827 0.11434920634920635
128 0.9003849238171612 0.7064126984126985 0.04783480352846832 0.09271428571428571
137 0.6670168404170008 0.7072063492063493 0.06157177225340818 0.11887301587301588
180 0.04245388933440256 0.07666666666666666 0.026038492381716117 0.05546031746031746
132 0.048139534883720934 0.14014285714285715 0.0253728949478749 0.05542857142857143
132 0.5671050521251002 0.14114285714285715 0.02682437850842021 0.05344444444444445