42 0.3675 0.7218137254901961 0.095 0.125
74 0.270625 0.7095588235294118 0.065 0.13970588235294118
109 0.956875 0.6225490196078431 0.05625 0.17401960784313725
62 0.10625 0.5575980392156863 0.06625 0.13970588235294118
59 0.726875 0.5392156862745098 0.0775 0.1568627450980392
42 0.36375 0.4411764705882353 0.08375 0.12009803921568628
74 0.26625 0.43504901960784315 0.07875 0.15196078431372548
177 0.958125 0.42892156862745096 0.08375 0.1323529411764706
53 0.10875 0.3553921568627451 0.075 0.14215686274509803
87 0.31875 0.12009803921568628 0.05375 0.11519607843137254
28 0.430625 0.11764705882352941 0.0625 0.11764705882352941
63 0.529375 0.11764705882352941 0.0575 0.12009803921568628
64 0.450625 0.866421568627451 0.0375 0.08088235294117647
123 0.415625 0.8308823529411765 0.025 0.04656862745098039
180 0.810625 0.9754901960784313 0.02625 0.049019607843137254
128 0.11 0.7757352941176471 0.0675 0.13725490196078433