141 0.5256410256410257 0.786472148541114 0.07076923076923076 0.07161803713527852
171 0.8892307692307693 0.7327586206896551 0.07384615384615385 0.07824933687002653
137 0.13743589743589743 0.7088859416445623 0.07384615384615385 0.09814323607427056
102 0.2594871794871795 0.7015915119363395 0.07692307692307693 0.08620689655172414
28 0.5302564102564102 0.6936339522546419 0.06769230769230769 0.09814323607427056
171 0.8866666666666667 0.6027851458885941 0.07384615384615385 0.07559681697612732
139 0.5441025641025641 0.5503978779840849 0.046153846153846156 0.05172413793103448
137 0.3005128205128205 0.5265251989389921 0.12923076923076923 0.17108753315649866
3 0.6492307692307693 0.5245358090185677 0.08205128205128205 0.09151193633952255
139 0.8005128205128205 0.5238726790450928 0.07897435897435898 0.09018567639257294
102 0.5169230769230769 0.5192307692307693 0.07692307692307693 0.09151193633952255
65 0.29743589743589743 0.26657824933687 0.09641025641025641 0.11936339522546419
142 0.6497435897435897 0.26591511936339524 0.07487179487179488 0.09018567639257294
53 0.13384615384615384 0.26525198938992045 0.09333333333333334 0.11405835543766578
102 0.5184615384615384 0.2645888594164456 0.07384615384615385 0.09283819628647215
180 0.6415384615384615 0.906498673740053 0.08615384615384615 0.08222811671087533
95 0.8994871794871795 0.889920424403183 0.07384615384615385 0.10477453580901856
98 0.5446153846153846 0.899867374005305 0.07384615384615385 0.08885941644562334
98 0.8251282051282052 0.8879310344827587 0.06666666666666667 0.08885941644562334