12 0.5557303370786517 0.3328041237113402 0.07929373996789726 0.09896907216494845
64 0.2013322632423756 0.39098969072164946 0.08934189406099517 0.10843298969072165
180 0.16996789727126807 0.04496907216494845 0.08789727126805778 0.07616494845360824
87 0.5062439807383627 0.5065360824742268 0.06295345104333869 0.12210309278350515
55 0.6579775280898876 0.5152783505154639 0.0803852327447833 0.10210309278350516
171 0.06239165329052969 0.8297731958762886 0.08425361155698234 0.09408247422680413
59 0.6579614767255217 0.8305360824742268 0.06974317817014447 0.09560824742268041
136 0.20109149277688604 0.8525773195876288 0.08009630818619583 0.10189690721649484
171 0.06869983948635633 0.39927835051546395 0.07173354735152487 0.10956701030927835
125 0.418876404494382 0.24470103092783507 0.05378812199036918 0.07874226804123712
125 0.7285874799357945 0.2730309278350515 0.04720706260032103 0.07356701030927836
95 0.27600321027287317 0.5980824742268042 0.07272873194221509 0.0934639175257732