132 0.959563543003851 0.8607681755829903 0.06418485237483953 0.07133058984910837
132 0.4704749679075738 0.8600823045267489 0.06675224646983312 0.06995884773662552
3 0.2490372272143774 0.8381344307270233 0.08472400513478819 0.08916323731138547
3 0.7323491655969191 0.8326474622770919 0.08600770218228498 0.09327846364883402
123 0.41014120667522463 0.752400548696845 0.04236200256739409 0.04663923182441701
123 0.1970474967907574 0.7517146776406035 0.038510911424903725 0.0438957475994513
123 0.8934531450577664 0.7510288065843621 0.04749679075738126 0.04526748971193416
123 0.6777920410783055 0.7496570644718793 0.04621309370988447 0.039780521262002745
102 0.13157894736842105 0.6138545953360768 0.09242618741976893 0.1111111111111111
102 0.8388960205391528 0.612482853223594 0.10141206675224647 0.1056241426611797
102 0.3581514762516046 0.612482853223594 0.10141206675224647 0.1056241426611797
102 0.616816431322208 0.6097393689986282 0.08985879332477535 0.10425240054869685
32 0.10911424903722722 0.9574759945130316 0.08985879332477535 0.0850480109739369
136 0.5 0.9567901234567902 0.0962772785622593 0.08641975308641975
102 0.35109114249037227 0.4094650205761317 0.10397946084724005 0.11934156378600823
102 0.8356867779204108 0.4053497942386831 0.10269576379974327 0.11385459533607682
102 0.14313222079589216 0.3998628257887517 0.10269576379974327 0.11522633744855967
102 0.6232349165596919 0.3950617283950617 0.10012836970474968 0.10150891632373114
53 0.5815147625160462 0.2194787379972565 0.08729139922978177 0.09190672153635117
53 0.4300385109114249 0.2167352537722908 0.08600770218228498 0.09327846364883402
83 0.0821566110397946 0.21056241426611796 0.07830551989730423 0.09876543209876543
127 0.17073170731707318 0.20987654320987653 0.08472400513478819 0.09602194787379972
127 0.9300385109114249 0.20919067215363513 0.09370988446726572 0.09465020576131687
83 0.8145057766367138 0.205761316872428 0.08729139922978177 0.09739368998628258
137 0.24646983311938384 0.1440329218106996 0.07830551989730423 0.08093278463648834
137 0.7368421052631579 0.1419753086419753 0.07573812580231065 0.07818930041152264
98 0.9255455712451861 0.10013717421124829 0.10012836970474968 0.09602194787379972
98 0.07830551989730423 0.09396433470507544 0.08985879332477535 0.09739368998628258