32 0.32313705583756347 0.1610459587955626 0.041289340101522846 0.06589540412044374
3 0.3650659898477157 0.30805071315372423 0.04120812182741117 0.06789223454833598
102 0.7543350253807106 0.3092234548335975 0.041411167512690354 0.0702377179080824
3 0.8684365482233503 0.3092234548335975 0.041746192893401014 0.0702377179080824
102 0.25134010152284264 0.30952456418383517 0.0416243654822335 0.06730586370839936
96 0.16901522842639594 0.3103961965134707 0.043918781725888326 0.07258320126782884
96 0.6720101522842639 0.3115689381933439 0.04370558375634517 0.07492868462757528
171 0.5407918781725888 0.0345958795562599 0.049746192893401014 0.0691917591125198
125 0.5577258883248731 0.4535816164817749 0.031725888324873094 0.04901743264659271
125 0.812233502538071 0.45416798732171154 0.02635532994923858 0.043153724247226626
125 0.05379695431472081 0.45445324881141047 0.03231472081218274 0.04725832012678288
125 0.30660913705583753 0.45475435816164816 0.0303248730964467 0.04432646592709984
1 0.753776649746193 0.45475435816164816 0.04705583756345178 0.07248811410459588
1 0.25190862944162434 0.4576862123613312 0.04952284263959391 0.07131537242472266
112 0.11338071065989848 0.49698890649762284 0.045441624365482235 0.07247226624405705
112 0.8686192893401016 0.498161648177496 0.0443756345177665 0.06776545166402535
112 0.6165583756345178 0.4987480190174326 0.0433502538071066 0.06893819334389857
112 0.36581725888324873 0.5005229793977812 0.04271065989847716 0.06541996830427893
123 0.30679187817258885 0.6037876386687797 0.028446700507614213 0.04657686212361331
123 0.5567918781725889 0.6046751188589541 0.027583756345177665 0.04481774960380349
123 0.8109137055837563 0.6052614896988907 0.03048730964467005 0.0389540412044374
123 0.05342131979695431 0.6061331220285262 0.02704568527918782 0.04423137876386688
64 0.062284 0.655182 0.040579 0.056260
64 0.565898 0.656498 0.042731 0.055737
137 0.31518781725888323 0.8703803486529319 0.05298477157360406 0.08412044374009509
28 0.1725786802030457 0.8709033280507131 0.05 0.08518225039619651
28 0.6770456852791878 0.8716957210776545 0.04776649746192893 0.07725832012678288
27 0.7546903553299492 0.8730110935023772 0.05483248730964467 0.07671949286846275
65 0.588730964467005 0.8738034865293185 0.06201015228426396 0.07513470681458002
137 0.8196548223350254 0.8743423137876387 0.05481218274111675 0.07619651347068146
27 0.252253807106599 0.87486529318542 0.05301522842639594 0.07725832012678288
65 0.08393908629441625 0.8785578446909668 0.05545177664974619 0.07196513470681458
180 0.014406091370558375 0.11511885895404121 0.028071065989847713 0.04427892234548336
136 0.23241624365482233 0.15774960380348654 0.040060913705583755 0.0672107765451664
