102 0.7063854047890535 0.6815217391304348 0.07411630558722919 0.13478260869565217
3 0.8135689851767389 0.6815217391304348 0.07753705815279362 0.14130434782608695
55 0.17673888255416192 0.6695652173913044 0.06955530216647662 0.13695652173913042
55 0.5131128848346637 0.6673913043478261 0.07069555302166476 0.13478260869565217
12 0.3369441277080958 0.6663043478260869 0.06841505131128849 0.13260869565217392
177 0.9469783352337514 0.6652173913043479 0.06955530216647662 0.13043478260869565
132 0.8358038768529077 0.9608695652173913 0.03534777651083238 0.07391304347826087
55 0.17616875712656785 0.5369565217391304 0.06727480045610035 0.12173913043478261
55 0.17730900798175597 0.4076086956521739 0.06841505131128849 0.1282608695652174
128 0.5472405929304447 0.2276304347826087 0.4786431014823261 0.2276304347826087 0.4786431014823261 0.3607173913043478 0.5472405929304447 0.3607173913043478 0.5472405929304447 0.2276304347826087
137 0.7793614595210946 0.27608695652173915 0.04446978335233751 0.09782608695652174
136 0.5262257696693272 0.8315217391304348 0.039908779931584946 0.06739130434782609
171 0.9481185860889396 0.46847826086956523 0.06043329532497149 0.11521739130434783