177 0.0854930875576037 0.21505511811023623 0.12992626728110598 0.23763779527559056
137 0.5861566820276498 0.21507086614173226 0.07442396313364055 0.15366929133858268
136 0.3747373271889401 0.2194488188976378 0.06939170506912443 0.1519212598425197
32 0.4753271889400922 0.222503937007874 0.0708847926267281 0.16329133858267716
180 0.3010230414746544 0.03228346456692913 0.05714285714285714 0.06107086614173229
109 0.078073732718894 0.46302362204724407 0.0628663594470046 0.17188976377952755
3 0.4064700460829493 0.5342992125984252 0.07757603686635944 0.1412283464566929
139 0.1748294930875576 0.5343149606299213 0.072036866359447 0.12023622047244094
102 0.5554470046082949 0.5369291338582677 0.07443317972350232 0.1464724409448819
53 0.7707096774193548 0.5456850393700787 0.07178801843317972 0.1324724409448819
109 0.08089400921658986 0.7219055118110237 0.0715668202764977 0.20670866141732283
95 0.7637880184331798 0.7332755905511811 0.14704147465437786 0.1454803149606299
37 0.40468202764976957 0.7468346456692914 0.07705990783410138 0.13584251968503938