37 0.627972027972028 0.6956521739130435 0.06503496503496503 0.11677018633540373
109 0.8989510489510489 0.6745341614906832 0.03566433566433566 0.08571428571428572
102 0.13776223776223775 0.6167701863354037 0.04755244755244755 0.08819875776397515
177 0.9013986013986014 0.4888198757763975 0.04965034965034965 0.08322981366459627
58 0.13391608391608392 0.48074534161490684 0.062237762237762236 0.09565217391304348
3 0.6269230769230769 0.41801242236024844 0.06643356643356643 0.12173913043478261
59 0.39895104895104894 0.41801242236024844 0.07062937062937064 0.1267080745341615
139 0.9006993006993007 0.315527950310559 0.039160839160839164 0.07080745341614907
64 0.13636363636363635 0.2925465838509317 0.05454545454545454 0.09937888198757763
180 0.7965034965034965 0.924223602484472 0.04055944055944056 0.06583850931677018
102 0.627972027972028 0.1515527950310559 0.06993006993006994 0.12049689440993788