102 0.32114792899408284 0.33332727272727275 0.06624852071005917 0.10736363636363636
37 0.6059526627218934 0.3376545454545455 0.11176331360946745 0.16796363636363634
180 0.169301775147929 0.04849090909090909 0.049976331360946744 0.07792727272727272
102 0.5293254437869822 0.6069272727272728 0.06672189349112426 0.0935090909090909
3 0.32452071005917166 0.6688363636363637 0.10681656804733729 0.17056363636363636
144 0.8902011834319526 0.6883090909090909 0.10882840236686389 0.17316363636363635
57 0.709905 0.689182 0.052568 0.102164
102 0.5307337278106509 0.7510909090909091 0.05939644970414201 0.09610909090909091
3 0.3662248520710059 0.8463272727272727 0.06172781065088757 0.09956363636363635
3 0.28452071005917157 0.8476181818181818 0.06739644970414202 0.09696363636363636
