180 0.7725298588490771 0.8099337748344371 0.033659066232356136 0.04105960264900662
53 0.5401737242128122 0.6768211920529801 0.0749185667752443 0.08874172185430464
37 0.6807817589576547 0.6549668874172185 0.0727470141150923 0.0913907284768212
137 0.21335504885993486 0.6033112582781457 0.07600434310532031 0.0913907284768212
81 0.24212812160694897 0.947682119205298 0.0781758957654723 0.09536423841059603
9 0.6813246471226927 0.4642384105960265 0.0738327904451683 0.08874172185430464
102 0.35939196525515743 0.4642384105960265 0.07166123778501629 0.08874172185430464
11 0.21064060803474485 0.3258278145695364 0.0738327904451683 0.09006622516556291
137 0.5445168295331162 0.2980132450331126 0.0738327904451683 0.0913907284768212
32 0.6818675352877307 0.29668874172185433 0.0781758957654723 0.09006622516556291
36 0.06948968512486428 0.17880794701986755 0.07057546145494029 0.09006622516556291
179 0.26112920738327905 0.11655629139072848 0.0738327904451683 0.09271523178807947
28 0.3469055374592834 0.11655629139072848 0.0727470141150923 0.09006622516556291
27 0.1791530944625407 0.11390728476821192 0.07166123778501629 0.08741721854304636