55 0.0956221198156682 0.3582506203473945 0.0293778801843318 0.03225806451612903
55 0.09706221198156682 0.21681141439205956 0.03168202764976959 0.03287841191066997
55 0.1431451612903226 0.21464019851116625 0.03398617511520737 0.03287841191066997
55 0.29205069124423966 0.2152605459057072 0.03571428571428571 0.034119106699751864
55 0.3424539170506912 0.21557071960297766 0.03513824884792627 0.03287841191066997
96 0.2353110599078341 0.1358560794044665 0.03398617511520737 0.030397022332506202
137 0.16474654377880185 0.08498759305210918 0.0293778801843318 0.030397022332506202
112 0.09763824884792627 0.2608560794044665 0.03341013824884793 0.03287841191066997
112 0.2932027649769585 0.2617866004962779 0.03225806451612903 0.034119106699751864
128 0.09331797235023041 0.4075682382133995 0.032834101382488476 0.03163771712158809
128 0.29089861751152074 0.40601736972704716 0.028225806451612902 0.039081885856079406
55 0.29464285714285715 0.3573200992555831 0.03341013824884793 0.03287841191066997
1 0.23588709677419356 0.2413151364764268 0.0293778801843318 0.02791563275434243
1 0.23300691244239632 0.28846153846153844 0.03110599078341014 0.03163771712158809
125 0.06653225806451613 0.18641439205955335 0.02476958525345622 0.030397022332506202
125 0.26065668202764974 0.18548387096774194 0.021889400921658985 0.030397022332506202
123 0.06710829493087557 0.3269230769230769 0.025921658986175114 0.026054590570719603
123 0.26123271889400923 0.3272332506203474 0.02476958525345622 0.024193548387096774
132 0.5319700460829493 0.010235732009925558 0.020737327188940093 0.020471464019851116
132 0.009792626728110598 0.009925558312655087 0.019585253456221197 0.019851116625310174
136 0.2353110599078341 0.026054590570719603 0.03168202764976959 0.034119106699751864
132 0.009504608294930876 0.5580024813895782 0.019009216589861752 0.02295285359801489
125 0.06797235023041474 0.6857940446650124 0.024193548387096774 0.024193548387096774
96 0.23617511520737328 0.6343052109181141 0.026497695852534562 0.02791563275434243
174 0.23588709677419356 0.6910669975186104 0.026497695852534562 0.030397022332506202
1 0.2353110599078341 0.7372828784119106 0.027649769585253458 0.02977667493796526
12 0.13220046082949308 0.7155707196029777 0.023617511520737326 0.02481389578163772
12 0.32690092165898615 0.7155707196029777 0.02534562211981567 0.022332506203473945
125 0.2623847926267281 0.6861042183622829 0.02131336405529954 0.021712158808933003
123 0.06768433179723503 0.8337468982630273 0.02131336405529954 0.022332506203473945
123 0.2623847926267281 0.8331265508684863 0.02131336405529954 0.02295285359801489
128 0.290610599078341 0.8632133995037221 0.026497695852534562 0.02977667493796526
128 0.15408986175115208 0.8625930521091811 0.02534562211981567 0.030397022332506202
128 0.09735023041474654 0.8625930521091811 0.02534562211981567 0.03225806451612903
69 0.4308755760368664 0.8067617866004962 0.027649769585253458 0.030397022332506202
132 0.5316820276497696 0.5586228287841191 0.020161290322580645 0.02295285359801489
3 0.570852534562212 0.613833746898263 0.0293778801843318 0.03225806451612903
3 0.6275921658986175 0.6141439205955335 0.0293778801843318 0.028535980148883373
3 0.5705645161290323 0.6687344913151365 0.02880184331797235 0.02915632754342432
3 0.6270161290322581 0.6693548387096774 0.028225806451612902 0.02729528535980149
3 0.5702764976958525 0.7239454094292804 0.02534562211981567 0.02791563275434243
102 0.6970046082949308 0.6147642679900744 0.0293778801843318 0.02915632754342432
102 0.7433755760368663 0.6147642679900744 0.029953917050691243 0.02977667493796526
102 0.7880184331797235 0.6147642679900744 0.027649769585253458 0.02977667493796526
102 0.6961405529953917 0.6699751861042184 0.03052995391705069 0.03163771712158809
102 0.7419354838709677 0.6696650124069479 0.03168202764976959 0.02977667493796526
102 0.7871543778801844 0.669044665012407 0.032834101382488476 0.03225806451612903
102 0.6964285714285714 0.7239454094292804 0.02880184331797235 0.031017369727047148
102 0.7410714285714286 0.7248759305210918 0.03168202764976959 0.031017369727047148
102 0.7888824884792627 0.7248759305210918 0.0293778801843318 0.02977667493796526
160 0.8542626728110599 0.613833746898263 0.029953917050691243 0.03225806451612903
160 0.9035138248847926 0.614454094292804 0.028225806451612902 0.03225806451612903
160 0.9542050691244239 0.613833746898263 0.029953917050691243 0.03225806451612903
160 0.8536866359447005 0.6696650124069479 0.027649769585253458 0.03225806451612903
160 0.9032258064516129 0.6687344913151365 0.03168202764976959 0.03225806451612903
160 0.9536290322580645 0.6693548387096774 0.02880184331797235 0.030397022332506202
136 0.5697004608294931 0.8380893300248139 0.032834101382488476 0.02791563275434243
137 0.716589861751152 0.8111042183622829 0.024193548387096774 0.02977667493796526
137 0.7168778801843319 0.8746898263027295 0.0293778801843318 0.03287841191066997
137 0.8139400921658986 0.8374689826302729 0.02707373271889401 0.02977667493796526
137 0.8701036866359447 0.8371588089330024 0.02707373271889401 0.031017369727047148
137 0.9245391705069125 0.8380893300248139 0.028225806451612902 0.02791563275434243
137 0.923963133640553 0.9004342431761787 0.027649769585253458 0.02915632754342432
137 0.8695276497695853 0.9004342431761787 0.02476958525345622 0.033498759305210915
137 0.8133640552995391 0.9010545905707196 0.0293778801843318 0.03163771712158809
32 0.643721198156682 0.8377791563275434 0.029953917050691243 0.03225806451612903
32 0.6431451612903226 0.9463399503722084 0.02707373271889401 0.030397022332506202
137 0.7168778801843319 0.9482009925558312 0.0293778801843318 0.026674937965260544
137 0.8136520737327189 0.9627791563275434 0.028225806451612902 0.031017369727047148
137 0.8703917050691244 0.9637096774193549 0.026497695852534562 0.02977667493796526
32 0.2353110599078341 0.08653846153846154 0.02707373271889401 0.02791563275434243
44 0.831221198156682 0.03318858560794045 0.02880184331797235 0.031017369727047148
174 0.8303571428571429 0.08529776674937965 0.02707373271889401 0.02977667493796526
96 0.7574884792626728 0.13709677419354838 0.03110599078341014 0.031017369727047148
173 0.8294930875576036 0.13616625310173697 0.029953917050691243 0.03225806451612903
125 0.5887096774193549 0.18734491315136476 0.020161290322580645 0.02295285359801489
125 0.7825460829493087 0.18827543424317617 0.020737327188940093 0.02357320099255583
174 0.7554723502304147 0.21681141439205956 0.02707373271889401 0.02915632754342432
112 0.6215437788018433 0.21588089330024815 0.029953917050691243 0.031017369727047148
123 0.7828341013824884 0.2794665012406948 0.019585253456221197 0.021712158808933003
123 0.5889976958525346 0.2794665012406948 0.020737327188940093 0.02109181141439206
130 0.804147465437788 0.31265508684863524 0.0293778801843318 0.02729528535980149
55 0.6209677419354839 0.34398263027295284 0.02880184331797235 0.031017369727047148
55 0.6742511520737328 0.3433622828784119 0.02707373271889401 0.02977667493796526
55 0.6212557603686636 0.3883374689826303 0.03110599078341014 0.02977667493796526
55 0.6733870967741935 0.3889578163771712 0.02880184331797235 0.02977667493796526
12 0.658410138248848 0.3052109181141439 0.017857142857142856 0.018610421836228287
55 0.2932027649769585 0.7558933002481389 0.029953917050691243 0.02977667493796526
55 0.35397465437788017 0.7568238213399504 0.03052995391705069 0.030397022332506202
55 0.09936635944700462 0.7593052109181141 0.02880184331797235 0.030397022332506202
55 0.15610599078341014 0.7596153846153846 0.03168202764976959 0.031017369727047148