163 0.06201171875 0.23594548551959113 0.044921875 0.10732538330494037
177 0.06103515625 0.6678023850085179 0.0546875 0.09710391822827939
180 0.1572265625 0.06899488926746167 0.0302734375 0.054514480408858604
166 0.2021484375 0.1899488926746167 0.06640625 0.12265758091993186
137 0.388671875 0.19335604770017037 0.0732421875 0.12776831345826234
74 0.548828125 0.19420783645655879 0.0693359375 0.1141396933560477
74 0.27783203125 0.49233390119250425 0.068359375 0.1260647359454855
74 0.486328125 0.42078364565587734 0.07421875 0.12265758091993186
74 0.45068359375 0.6286201022146508 0.072265625 0.12095400340715502
104 0.232421875 0.6260647359454855 0.0732421875 0.12947189097103917
74 0.23779296875 0.8356047700170358 0.0703125 0.11925042589437819
3 0.46044921875 0.8330494037478705 0.0673828125 0.11754684838160136
59 0.60595703125 0.838160136286201 0.0693359375 0.12265758091993186
104 0.7509765625 0.19591141396933562 0.0654296875 0.11584327086882454
64 0.7529296875 0.8330494037478705 0.0693359375 0.12095400340715502
128 0.89599609375 0.8424190800681431 0.0703125 0.11925042589437819
102 0.8916015625 0.5996592844974447 0.068359375 0.11925042589437819
141 0.88427734375 0.39522998296422485 0.068359375 0.12265758091993186
28 0.8837890625 0.19080068143100512 0.0673828125 0.11925042589437819