109 0.18701171875 0.08 0.0400390625 0.09818181818181818
177 0.2802734375 0.07818181818181819 0.048828125 0.07454545454545454
3 0.2197265625 0.44181818181818183 0.0419921875 0.08545454545454545
102 0.3271484375 0.4445454545454545 0.0419921875 0.07818181818181819
137 0.32763671875 0.6090909090909091 0.041015625 0.07818181818181819
137 0.25341796875 0.7845454545454545 0.0439453125 0.08727272727272728
137 0.40087890625 0.79 0.044921875 0.08
137 0.5419921875 0.7863636363636364 0.0458984375 0.08545454545454545
83 0.46484375 0.7872727272727272 0.0439453125 0.08363636363636363
83 0.32666015625 0.7854545454545454 0.04296875 0.08
144 0.4833984375 0.6090909090909091 0.0380859375 0.07818181818181819
144 0.48046875 0.44272727272727275 0.0400390625 0.08
144 0.58154296875 0.5681818181818182 0.041015625 0.07272727272727272
144 0.70556640625 0.6618181818181819 0.033203125 0.07818181818181819
144 0.7802734375 0.6627272727272727 0.0390625 0.07272727272727272
144 0.779296875 0.7927272727272727 0.0361328125 0.07090909090909091
144 0.70556640625 0.7954545454545454 0.0400390625 0.07272727272727272
53 0.16552734375 0.7681818181818182 0.04296875 0.08545454545454545
53 0.0478515625 0.6618181818181819 0.0458984375 0.08181818181818182
144 0.923828125 0.6663636363636364 0.0390625 0.08
139 0.92333984375 0.7945454545454546 0.044921875 0.07636363636363637
107 0.7451171875 0.5409090909090909 0.0458984375 0.08181818181818182