136 0.4144237288135593 0.23945634266886326 0.10272881355932204 0.07667215815485996
32 0.8306610169491525 0.2446128500823723 0.08349152542372881 0.0828500823723229
59 0.4144237288135593 0.35509060955518945 0.08579661016949153 0.07317957166392093
31 0.06572881355932203 0.3596375617792422 0.0871864406779661 0.09024711696869851
141 0.053915254237288136 0.5136079077429984 0.0943728813559322 0.06570016474464581
137 0.8353389830508475 0.5166392092257002 0.0873728813559322 0.08263591433278418
53 0.061355932203389835 0.66332784184514 0.0876949152542373 0.08957166392092257
55 0.3466101694915254 0.8185337726523888 0.11272881355932204 0.10644151565074135
140 0.06238983050847458 0.8280230642504118 0.09591525423728814 0.071499176276771
128 0.670271186440678 0.8335255354200988 0.08116949152542373 0.0830477759472817
128 0.5268644067796611 0.8341350906095552 0.07684745762711866 0.07695222405271829