64 0.6485505319148936 0.798117088607595 0.05954787234042554 0.09043512658227848
74 0.5721054964539007 0.8574367088607595 0.05958333333333333 0.09040348101265823
63 0.7205673758865248 0.8594145569620253 0.04622340425531915 0.08249208860759494
39 0.3992686170212766 0.905878164556962 0.05744237588652482 0.0844382911392405
102 0.39125443262411347 0.12822784810126583 0.036693262411347516 0.0683386075949367
53 0.24943705673758865 0.13085443037974684 0.057437943262411355 0.09996835443037974
137 0.7349689716312057 0.13772151898734178 0.055079787234042554 0.10271360759493672
102 0.5399734042553191 0.14464398734177217 0.05959663120567375 0.08886867088607595
10 0.630270390070922 0.14662183544303797 0.060664893617021286 0.09677215189873417
137 0.9238652482269503 0.14958860759493672 0.06275265957446809 0.09874999999999999
19 0.8263741134751773 0.15156645569620253 0.040638297872340426 0.10270569620253164
37 0.24582003546099293 0.26920886075949363 0.08520833333333333 0.09274525316455696
180 0.09752659574468085 0.03184335443037975 0.02951241134751773 0.055253164556962026
123 0.5242863475177305 0.3469620253164557 0.02488031914893617 0.04308544303797469
137 0.8657003546099291 0.3710363924050633 0.06388741134751773 0.10651898734177215
113 0.697854609929078 0.45012658227848107 0.049556737588652484 0.09856012658227847
137 0.2513652482269504 0.4639715189873418 0.06526152482269502 0.08669303797468354
9 0.43638741134751774 0.4639715189873418 0.04967198581560284 0.08669303797468354
32 0.14445035460992908 0.47187500000000004 0.06641843971631206 0.08668512658227848
171 0.031631205673758864 0.4748180379746835 0.04488031914893617 0.08676424050632911
3 0.35716755319148935 0.47583069620253166 0.0618927304964539 0.08668512658227848
36 0.8706870567375886 0.5509731012658228 0.060558510638297876 0.06291139240506329
102 0.5970301418439716 0.5944699367088607 0.06511081560283688 0.07079113924050633
3 0.3920656028368794 0.6439003164556962 0.06963209219858156 0.07471518987341771
33 0.8740115248226951 0.7051898734177215 0.04726507092198581 0.08654272151898734
137 0.26576684397163125 0.7664873417721519 0.04753102836879433 0.06673259493670886
139 0.3959485815602837 0.7684651898734177 0.05301418439716312 0.08254746835443039
6 0.15608156028368794 0.7704430379746836 0.058656914893617025 0.0746360759493671
65 0.6998714539007093 0.5923022151898734 0.04625886524822695 0.0780617088607595
90 0.872331560283688 0.8599683544303798 0.038337765957446805 0.0659256329113924
102 0.5933289007092198 0.4578085443037974 0.04062056737588653 0.06856803797468354