37 0.24378330373001778 0.20240480961923848 0.07104795737122557 0.16633266533066132
102 0.4325044404973357 0.2955911823647295 0.07726465364120781 0.16432865731462926
145 0.6158969804618117 0.2965931863727455 0.07371225577264653 0.17034068136272545
98 0.8521314387211367 0.3026052104208417 0.07371225577264653 0.16633266533066132
171 0.023090586145648313 0.4148296593186373 0.04085257548845471 0.10420841683366733
32 0.2464476021314387 0.4278557114228457 0.07282415630550622 0.16633266533066132
123 0.544404973357016 0.6182364729458918 0.03197158081705151 0.07615230460921844
123 0.7690941385435168 0.6212424849699398 0.03197158081705151 0.07014028056112225
180 0.14342806394316163 0.07114228456913828 0.037300177619893425 0.08216432865731463
3 0.38188277087033745 0.7214428857715431 0.07282415630550622 0.16633266533066132
176 0.24511545293072823 0.7244488977955912 0.07371225577264653 0.16432865731462926
102 0.6163410301953819 0.7294589178356713 0.07015985790408526 0.1623246492985972
128 0.8490230905861457 0.7334669338677354 0.07015985790408526 0.1623246492985972