109 0.9232258064516129 0.7523809523809524 0.06193548387096774 0.14047619047619048
102 0.2761290322580645 0.7273809523809524 0.05290322580645161 0.10952380952380952
53 0.5109677419354839 0.7 0.06322580645161291 0.1261904761904762
178 0.9245161290322581 0.49642857142857144 0.09548387096774194 0.14047619047619048
95 0.7374193548387097 0.49404761904761907 0.08645161290322581 0.10238095238095238
69 0.22258064516129034 0.49404761904761907 0.0567741935483871 0.11904761904761904
55 0.28 0.49404761904761907 0.05032258064516129 0.11428571428571428
32 0.6090322580645161 0.49166666666666664 0.06451612903225806 0.14523809523809525
3 0.5090322580645161 0.48928571428571427 0.06709677419354838 0.12857142857142856
28 0.5090322580645161 0.28095238095238095 0.07225806451612904 0.13333333333333333
95 0.11483870967741935 0.2773809523809524 0.09806451612903226 0.11904761904761904