55 0.6492427943331704 0.385837193911317 0.0356619443087445 0.04632693580410324
1 0.5881778212017587 0.3825281270681668 0.0361504640937958 0.050959629384513566
55 0.21787982413287738 0.3772336201191264 0.0361504640937958 0.04897418927862343
12 0.24572545188080117 0.35076108537392453 0.039081582804103565 0.050959629384513566
12 0.4298974108451392 0.34679020516214426 0.04054714215925745 0.048312375909993384
123 0.5232046897899365 0.27200529450694905 0.01709819247679531 0.02911978821972204
62 0.06497313141182218 0.2686962276637988 0.04103566194430874 0.05956320317670417
112 0.6458231558378115 0.2614162806088683 0.03517342452369321 0.045665122435473195
64 0.16902784562774792 0.24553275976174718 0.04396678065461651 0.05890138980807412
42 0.20810942843185148 0.20648577101257445 0.04689789936492428 0.045665122435473195
42 0.3903273082559844 0.20516214427531437 0.04592085979482169 0.04367968232958306
42 0.268685881778212 0.20516214427531437 0.04689789936492428 0.04632693580410324
42 0.4509037616023449 0.20516214427531437 0.04934049829018075 0.04434149569821311
42 0.32926233512457254 0.20516214427531437 0.04689789936492428 0.04434149569821311
53 0.06595017098192477 0.1442753143613501 0.03859306301905227 0.05956320317670417
42 0.33170493404982904 0.13765718067504965 0.04738641914997557 0.04434149569821311
42 0.39081582804103565 0.13765718067504965 0.046409379579872984 0.04632693580410324
42 0.2696629213483146 0.13633355393778954 0.044455300439667805 0.04301786896095301
42 0.4509037616023449 0.1356717405691595 0.046409379579872984 0.04367968232958306
42 0.2066438690766976 0.13037723362011913 0.06497313141182218 0.06485771012574454
55 0.3991206643869077 0.8504301786896096 0.03761602344894968 0.05228325612177366
53 0.06448461162677088 0.8451356717405691 0.04103566194430874 0.06154864328259431
55 0.6502198339032731 0.8378557246856386 0.03517342452369321 0.04301786896095301
59 0.5896433805569126 0.8358702845797485 0.033707865168539325 0.04765056254136334
55 0.21739130434782608 0.8312375909993381 0.03419638495359062 0.04765056254136334
12 0.24572545188080117 0.8027796161482462 0.03517342452369321 0.05162144275314361
12 0.4289203712750366 0.799470549305096 0.04250122129946263 0.048312375909993384
123 0.5236932095749878 0.7246856386499008 0.019540791402051783 0.02514890800794176
62 0.0635075720566683 0.7213765718067505 0.03957010258915486 0.05823957643944408
112 0.6458231558378115 0.7114493712772998 0.03321934538348803 0.05162144275314361
180 0.7860283341475329 0.9702183984116479 0.04250122129946263 0.04765056254136334
64 0.1719589643380557 0.6962276637988087 0.04103566194430874 0.056915949702183985
42 0.3888617489008305 0.6604897418927862 0.04592085979482169 0.04698874917273329
42 0.20859794821690278 0.6591661151555261 0.048851978505129456 0.04367968232958306
42 0.4518808011724475 0.6591661151555261 0.046409379579872984 0.04169424222369292
42 0.26917440156326333 0.6585043017868961 0.044455300439667805 0.04434149569821311
42 0.33072789447972645 0.6578424884182661 0.04738641914997557 0.04632693580410324
42 0.4513922813873962 0.5909993381866314 0.049829018075232046 0.04500330906684315
42 0.2696629213483146 0.5903375248180013 0.04592085979482169 0.04367968232958306
42 0.3312164142647777 0.5896757114493713 0.04689789936492428 0.04367968232958306
42 0.3903273082559844 0.5890138980807412 0.04738641914997557 0.04301786896095301
42 0.2066438690766976 0.5830575777630708 0.06643869076697606 0.06750496360026473
59 0.794057 0.497580 0.048064 0.060855
136 0.9418661455788959 0.49702183984116477 0.04103566194430874 0.05625413633355394
95 0.871432 0.496356 0.037860 0.053518
55 0.3991206643869077 0.39510258107213764 0.03517342452369321 0.05294506949040371
53 0.06546165119687347 0.38914626075446723 0.04298974108451392 0.05757776307081403
53 0.06741573033707865 0.5969556585043018 0.04152418172936004 0.05823957643944408
