132 0.1673073803730738 0.20139682539682538 0.05120032441200325 0.11284126984126985
145 0.7240957015409569 0.2854920634920635 0.10718572587185726 0.19847619047619047
177 0.0583779399837794 0.5711111111111111 0.07016220600162207 0.1602222222222222
57 0.6915896188158962 0.5100555555555555 0.756066504460665 0.5100555555555555 0.756066504460665 0.6427698412698413 0.6915896188158962 0.6427698412698413
37 0.8941038118410382 0.5779841269841269 0.10008921330089213 0.2057142857142857
102 0.5530089213300893 0.578 0.06022708840227089 0.12953968253968254
176 0.2102838605028386 0.5795714285714285 0.09496350364963504 0.18984126984126984
3 0.3840713706407137 0.5800952380952381 0.10192214111922142 0.20993650793650792
180 0.1454176804541768 0.06915873015873016 0.05607461476074615 0.10234920634920636
171 0.059034874290348746 0.32252380952380955 0.07147607461476074 0.13922222222222222
171 0.05984590429845905 0.825015873015873 0.06985401459854014 0.141015873015873