180 0.0173046875 0.11820815450643778 0.034609375 0.02539699570815451
59 0.4932942708333334 0.19349785407725323 0.09999999999999999 0.08746781115879827
55 0.2652083333333333 0.3315987124463519 0.11582031250000001 0.09542918454935623
55 0.7224739583333334 0.3351824034334764 0.11888020833333333 0.09185622317596566
95 0.49709635416666664 0.03752145922746781 0.13361979166666668 0.0705793991416309
59 0.4930338541666666 0.48892703862660947 0.10270833333333333 0.08818669527896995
55 0.2662890625 0.6279184549356224 0.11148437500000001 0.09792918454935622
55 0.7211197916666667 0.6303755364806867 0.10640625 0.0948068669527897
53 0.675703125 0.7862446351931331 0.7677864583333333 0.7862446351931331 0.7677864583333333 0.8697639484978541 0.675703125 0.8697639484978541
137 0.49252604166666664 0.8282510729613733 0.108203125 0.08818669527896995
53 0.2178059895833333 0.7916040772532189 0.31370442708333335 0.7916040772532189 0.31370442708333335 0.8685675965665236 0.2178059895833333 0.8685675965665236