171 0.0380859375 0.5093457943925234 0.072265625 0.16074766355140188
136 0.1474609375 0.5102803738317757 0.0712890625 0.1383177570093458
3 0.3134765625 0.15140186915887852 0.0615234375 0.11214953271028037
102 0.40771484375 0.1485981308411215 0.0595703125 0.102803738317757
53 0.4091796875 0.3177570093457944 0.0537109375 0.10093457943925234
53 0.40869140625 0.6682242990654206 0.0615234375 0.11401869158878504
102 0.40673828125 0.8467289719626169 0.0556640625 0.10467289719626169
3 0.3125 0.8504672897196262 0.060546875 0.11214953271028037
136 0.5908203125 0.49906542056074765 0.0771484375 0.14392523364485982
1 0.72265625 0.17102803738317757 0.0576171875 0.10093457943925234
3 0.72119140625 0.3364485981308411 0.0546875 0.10467289719626169
1 0.7255859375 0.6411214953271028 0.05859375 0.1102803738317757
3 0.72119140625 0.8158878504672897 0.0546875 0.10467289719626169
55 0.83203125 0.6429906542056075 0.0537109375 0.10654205607476636
55 0.83154296875 0.17757009345794392 0.0517578125 0.10467289719626169
102 0.83251953125 0.33738317757009345 0.052734375 0.10467289719626169
102 0.8310546875 0.8168224299065421 0.0576171875 0.11214953271028037
128 0.9443359375 0.1766355140186916 0.0517578125 0.102803738317757
53 0.94091796875 0.3355140186915888 0.0546875 0.11214953271028037
128 0.9423828125 0.6401869158878505 0.052734375 0.09532710280373832
53 0.93994140625 0.814018691588785 0.0576171875 0.11588785046728972