139 0.2863247863247863 0.2936991869918699 0.06623931623931624 0.14634146341463414
6 0.1907051282051282 0.29471544715447157 0.07478632478632478 0.1443089430894309
53 0.936965811965812 0.40752032520325204 0.07051282051282051 0.1443089430894309
102 0.7660256410256411 0.4115853658536585 0.07585470085470085 0.14634146341463414
180 0.5069444444444444 0.044715447154471545 0.019230769230769232 0.046747967479674794
3 0.5641025641025641 0.4573170731707317 0.07051282051282051 0.13414634146341464
171 0.057158119658119656 0.4888211382113821 0.08867521367521368 0.17886178861788618
87 0.40224358974358976 0.5182926829268293 0.04700854700854701 0.056910569105691054
102 0.7670940170940171 0.6046747967479674 0.07371794871794872 0.1483739837398374
28 0.9353632478632479 0.8241869918699187 0.08226495726495726 0.14634146341463414
87 0.7660256410256411 0.8262195121951219 0.07051282051282051 0.14634146341463414
37 0.5641025641025641 0.13719512195121952 0.07051282051282051 0.1402439024390244
171 0.053952991452991456 0.13617886178861788 0.08547008547008547 0.14634146341463414