102 0.5032142857142857 0.809328968903437 0.04285714285714286 0.09819967266775777
3 0.595 0.809328968903437 0.045 0.10474631751227496
160 0.415 0.806873977086743 0.04642857142857143 0.11947626841243862
171 0.9532142857142857 0.8011456628477905 0.052142857142857144 0.11456628477905073
3 0.7785714285714286 0.7831423895253683 0.07571428571428572 0.15711947626841244
3 0.5939285714285715 0.5204582651391162 0.045 0.10474631751227496
102 0.5021428571428571 0.5196399345335515 0.04 0.09656301145662848
160 0.4142857142857143 0.5188216039279869 0.047142857142857146 0.11456628477905073
180 0.8421428571428572 0.9353518821603928 0.041428571428571426 0.09328968903436989
3 0.5953571428571428 0.22422258592471359 0.04428571428571428 0.10801963993453355
102 0.5060714285714286 0.2225859247135843 0.04214285714285714 0.09983633387888707
160 0.4157142857142857 0.2176759410801964 0.04428571428571428 0.10638297872340426
154 0.8964285714285715 0.1718494271685761 0.04214285714285714 0.10310965630114566
29 0.955 0.1432078559738134 0.07 0.16530278232405893
28 0.8360714285714286 0.07446808510638298 0.04642857142857143 0.10147299509001637