52 0.784453125 0.33605882352941174 0.040419921875 0.05474509803921569
63 0.783583984375 0.48333333333333334 0.03716796875 0.0717450980392157
55 0.8859765625 0.4845882352941176 0.037626953125 0.07123529411764705
171 0.024013671875 0.509078431372549 0.039287109375 0.08133333333333333
102 0.211220703125 0.512156862745098 0.033193359375 0.07149019607843138
3 0.1237109375 0.5149019607843137 0.035029296875 0.0685294117647059
137 0.41607421875 0.645 0.032744140625 0.07576470588235294
17 0.341025390625 0.07268627450980392 0.038642578125 0.07170588235294117
171 0.02224609375 0.07456862745098039 0.037392578125 0.07507843137254902
53 0.735185546875 0.8402549019607842 0.035068359375 0.07384313725490195
137 0.877939453125 0.8402549019607842 0.034716796875 0.07384313725490195
137 0.806640625 0.8405490196078431 0.034150390625 0.078
36 0.2296875 0.07511764705882354 0.033984375 0.06962745098039215
1 0.696162109375 0.6467058823529411 0.034306640625 0.07552941176470589
37 0.12361328125 0.35200000000000004 0.03830078125 0.07762745098039216