180 0.09814453125 0.03487358326068003 0.0283203125 0.05492589363557106
32 0.14404296875 0.4742807323452485 0.04345703125 0.07061900610287707
53 0.24755859375 0.13513513513513514 0.0439453125 0.08108108108108109
102 0.39453125 0.13426329555361813 0.04345703125 0.07236268526591107
37 0.24560546875 0.27550130775937226 0.044921875 0.07759372275501308
137 0.24658203125 0.4742807323452485 0.04638671875 0.08282476024411509
3 0.35595703125 0.47166521360069746 0.04150390625 0.07323452484742807
9 0.431640625 0.47166521360069746 0.04638671875 0.07759372275501308
3 0.39892578125 0.6390584132519617 0.04296875 0.07585004359197908
139 0.3974609375 0.7733217088055798 0.04248046875 0.07846556233653008
37 0.3994140625 0.9075850043591979 0.04248046875 0.07410636442894507
137 0.2646484375 0.7707061900610288 0.04345703125 0.07497820401046207
6 0.158203125 0.7741935483870968 0.04248046875 0.07672188317349608
102 0.541015625 0.14995640802092414 0.037109375 0.07061900610287707
10 0.634765625 0.14821272885789014 0.044921875 0.08369659982563209
137 0.7314453125 0.15170008718395817 0.04541015625 0.08282476024411509
19 0.82666015625 0.15082824760244115 0.04541015625 0.07672188317349608
137 0.92236328125 0.14995640802092414 0.046875 0.07846556233653008
102 0.59423828125 0.45771578029642546 0.03466796875 0.07672188317349608
113 0.697265625 0.46033129904097647 0.041015625 0.07410636442894507
65 0.7001953125 0.5867480383609416 0.0478515625 0.08718395815170009
102 0.59326171875 0.5884917175239756 0.0419921875 0.07061900610287707
64 0.6474609375 0.7907585004359198 0.04345703125 0.08282476024411509
63 0.71875 0.8578901482127289 0.046875 0.08282476024411509
74 0.57177734375 0.8596338273757629 0.04296875 0.07759372275501308
137 0.87109375 0.37750653879686136 0.04541015625 0.08282476024411509
36 0.87255859375 0.5448997384481256 0.0439453125 0.07846556233653008
33 0.87255859375 0.7114210985178727 0.04443359375 0.08282476024411509
90 0.87158203125 0.8587619877942458 0.04052734375 0.07585004359197908
171 0.03173828125 0.46904969485614645 0.0419921875 0.08369659982563209
123 0.52490234375 0.34437663469921537 0.0244140625 0.04010462074978204