125 0.6031105710814095 0.189558599695586 0.035613608748481164 0.045525114155251144
125 0.12680437424058325 0.1914611872146119 0.036828675577156744 0.04933028919330289
180 0.01772782503037667 0.021232876712328767 0.034349939246658565 0.04246575342465753
112 0.18526123936816524 0.2979604261796042 0.06566221142162819 0.08730593607305936
112 0.8286148238153099 0.29923896499238967 0.06437424058323207 0.08222222222222222
12 0.4854313487241798 0.3163470319634703 0.03414337788578372 0.05558599695585997
123 0.6048845686512758 0.48531202435312026 0.03612393681652491 0.04724505327245053
123 0.12806804374240585 0.48689497716894975 0.03633049817739976 0.04660578386605784
4 0.5092102065613608 0.5902283105022831 0.06957472660996354 0.09345509893455099
123 0.12630619684082625 0.7107001522070016 0.035820170109356016 0.045205479452054796
123 0.6028554070473876 0.7129223744292237 0.038153098420413124 0.04582952815829528
15 0.1045321992709599 0.07575342465753425 0.03481166464155529 0.05003044140030441
15 0.5821020656136088 0.07669710806697108 0.03917375455650061 0.04812785388127854
172 0.2703159173754556 0.7912328767123288 0.08996354799513974 0.09971080669710808
24 0.7474483596597813 0.5624961948249619 0.07724179829890644 0.06665144596651446
24 0.2718712029161604 0.5579299847792999 0.08842041312272174 0.06971080669710807