109 0.048296875 0.13763636363636364 0.06146875 0.13044155844155844
109 0.049484375000000004 0.30207792207792206 0.066671875 0.12877922077922077
109 0.04925 0.6711168831168831 0.0576875 0.13955844155844155
109 0.047359374999999995 0.8375324675324675 0.053890625000000004 0.12766233766233767
50 0.147 0.13488311688311688 0.06853125 0.12966233766233767
50 0.14653125 0.3016883116883117 0.067578125 0.12327272727272727
50 0.14628125 0.6715064935064934 0.069953125 0.12618181818181817
50 0.147234375 0.8367532467532467 0.07184375 0.12607792207792207
174 0.25375000000000003 0.1332987012987013 0.074640625 0.12651948051948053
174 0.254453125 0.30366233766233763 0.07321875 0.12246753246753246
174 0.2546875 0.6695584415584415 0.07653125 0.12696103896103897
174 0.25375000000000003 0.837922077922078 0.068953125 0.12371428571428572
50 0.355046875 0.13054545454545455 0.067015625 0.13516883116883116
50 0.35315625 0.6715064935064934 0.068921875 0.13563636363636364
50 0.355765625 0.8402857142857143 0.07128124999999999 0.11901298701298701
50 0.35528125 0.3068051948051948 0.07032812499999999 0.11932467532467532
55 0.4726875 0.21631168831168832 0.0721875 0.12724675324675325
55 0.470078125 0.7521558441558441 0.0698125 0.13163636363636363
148 0.565703125 0.21316883116883115 0.056515625 0.1303896103896104
148 0.56546875 0.7545194805194806 0.0645625 0.11748051948051948
95 0.762171875 0.4956623376623377 0.0630625 0.10976623376623376
180 0.8511562500000001 0.3548051948051948 0.0535625 0.10197402597402597
180 0.8570781249999999 0.523974025974026 0.068234375 0.10974025974025974
180 0.9387343749999999 0.4342857142857143 0.06393750000000001 0.10981818181818181