171 0.06433333333333334 0.11046153846153846 0.07 0.06153846153846154
55 0.532 0.18769230769230769 0.06666666666666667 0.06523076923076923
11 0.7646666666666667 0.18892307692307692 0.06133333333333333 0.060307692307692305
108 0.6773333333333333 0.19015384615384615 0.06266666666666666 0.059076923076923075
56 0.8356666666666667 0.19015384615384615 0.062 0.05415384615384616
112 0.37 0.19138461538461538 0.058666666666666666 0.05353846153846154
135 0.06366666666666666 0.22092307692307692 0.051333333333333335 0.056615384615384616
12 0.37366666666666665 0.3587692307692308 0.03933333333333333 0.024
56 0.9453333333333334 0.36030769230769233 0.06066666666666667 0.06707692307692308
12 0.5473333333333333 0.36123076923076924 0.059333333333333335 0.056615384615384616
32 0.06433333333333334 0.36430769230769233 0.058666666666666666 0.06215384615384616
1 0.29 0.3646153846153846 0.05333333333333334 0.05292307692307692
95 0.18 0.36553846153846153 0.05533333333333333 0.05476923076923077
180 0.15666666666666668 0.038153846153846156 0.05466666666666667 0.05046153846153846
112 0.37133333333333335 0.5372307692307692 0.056 0.05353846153846154
108 0.6753333333333333 0.5375384615384615 0.056 0.05476923076923077
11 0.7666666666666667 0.5396923076923077 0.064 0.05846153846153846
125 0.267 0.4449230769230769 0.03333333333333333 0.031384615384615386
125 0.4713333333333333 0.4449230769230769 0.037333333333333336 0.035076923076923075
125 0.6596666666666666 0.4443076923076923 0.034 0.030153846153846153
57 0.8346666666666667 0.5393846153846154 0.059333333333333335 0.056