180 0.022060546875 0.04035778175313059 0.044111328125 0.07808586762075134
171 0.06041015625 0.26754919499105545 0.0397265625 0.0792665474060823
88 0.075234375 0.4824865831842576 0.04767578125 0.06787119856887298
28 0.251875 0.3834525939177102 0.073271484375 0.12821109123434704
137 0.503017578125 0.3791592128801431 0.065576171875 0.1235778175313059
29 0.686357421875 0.3827906976744186 0.067666015625 0.11892665474060823
33 0.424541015625 0.7331663685152057 0.099599609375 0.17568872987477638
35 0.58908203125 0.7291949910554562 0.09880859375 0.1836314847942755
139 0.719990234375 0.7745796064400716 0.039453125 0.07962432915921287
87 0.08716796875 0.6801967799642219 0.045498046875 0.09357781753130591
87 0.793037109375 0.45996422182468694 0.042314453125 0.07847942754919499
36 0.146181640625 0.6026296958855099 0.0378125 0.07119856887298748
34 0.231083984375 0.7326118067978533 0.096220703125 0.17483005366726298
139 0.890205078125 0.5424686940966011 0.039462890625 0.07717352415026833
28 0.8901953125 0.7910375670840787 0.066796875 0.12352415026833631
163 0.41369140625 0.3075849731663685 0.035654296875 0.0832737030411449
163 0.31751953125 0.6885152057245081 0.032763671875 0.07946332737030412
163 0.500751953125 0.6852415026833631 0.035947265625 0.07649373881932021
163 0.6556640625 0.6891055456171735 0.03328125 0.08066189624329159