59 0.61376953125 0.7627118644067796 0.03955078125 0.06949152542372881
59 0.61083984375 0.4016949152542373 0.0419921875 0.07288135593220339
176 0.74072265625 0.5838983050847457 0.04150390625 0.07372881355932204
176 0.48681640625 0.5838983050847457 0.04248046875 0.07457627118644068
55 0.73193359375 0.21525423728813559 0.04296875 0.07372881355932204
55 0.486328125 0.2211864406779661 0.0419921875 0.07542372881355933
12 0.60888671875 0.23898305084745763 0.0439453125 0.07288135593220339
123 0.78564453125 0.6872881355932203 0.03173828125 0.04915254237288136
123 0.7822265625 0.3152542372881356 0.02978515625 0.0635593220338983
96 0.26171875 0.41694915254237286 0.041015625 0.07711864406779662
123 0.78271484375 0.05847457627118644 0.02685546875 0.05677966101694915
95 0.08935546875 0.43813559322033896 0.1123046875 0.12457627118644068