144 0.482529296875 0.4457090909090909 0.065673828125 0.10203636363636363
102 0.3336328125 0.44798181818181815 0.0559765625 0.0793090909090909
3 0.22134765625 0.4525272727272727 0.065791015625 0.08839999999999999
107 0.75041015625 0.5411454545454545 0.052138671875 0.07016363636363637
144 0.580166015625 0.5718181818181818 0.050986328125 0.06787272727272727
144 0.480087890625 0.6036181818181818 0.04615234375 0.08603636363636363
137 0.325087890625 0.6104363636363637 0.053544921875 0.09056363636363637
144 0.7803125 0.6638363636363637 0.046015625 0.06099999999999999
144 0.71013671875 0.6672363636363636 0.04970703125 0.054181818181818185
144 0.92615234375 0.6717818181818183 0.056943359375 0.0768909090909091
177 0.2850390625 0.07461818181818182 0.064345703125 0.08458181818181819
53 0.166669921875 0.7694545454545454 0.04748046875 0.08192727272727274
137 0.53927734375 0.7808363636363636 0.04734375 0.08592727272727273
109 0.192021484375 0.07865454545454545 0.04431640625 0.10478181818181818
83 0.4651171875 0.7821636363636364 0.04279296875 0.08554545454545454
83 0.328095703125 0.7852 0.04611328125 0.08434545454545454
137 0.2530859375 0.7853818181818182 0.03404296875 0.06774545454545454
137 0.399541015625 0.7865272727272726 0.046181640625 0.07456363636363636
144 0.701591796875 0.7944727272727272 0.061923828125 0.05865454545454545
144 0.781533203125 0.7990181818181817 0.05333984375 0.08590909090909091
53 0.04865234375 0.6572727272727272 0.053798828125 0.09838181818181818
105 0.922822265625 0.7977454545454545 0.045810546875 0.07763636363636364