102 0.5964280601288475 0.18468531468531468 0.0345311381531854 0.08632867132867134
102 0.6013743736578382 0.3494755244755245 0.03419470293486042 0.08622377622377622
102 0.5967716535433071 0.5333916083916085 0.03521832498210451 0.08444055944055943
102 0.6003507516105941 0.6973601398601398 0.03623478883321403 0.08267482517482518
102 0.7034430923407302 0.1830244755244755 0.035855404438081606 0.083006993006993
102 0.7017394416607016 0.34905594405594403 0.032448103078024336 0.0804020979020979
102 0.7017394416607016 0.5309090909090909 0.032448103078024336 0.07945804195804196
102 0.7003722261989979 0.6944405594405595 0.033808160343593414 0.08185314685314686
3 0.4083106657122405 0.25833916083916086 0.05506084466714388 0.1387237762237762
32 0.24148890479599142 0.26166083916083915 0.05478883321403007 0.13538461538461538
137 0.23842519685039368 0.6557342657342657 0.060923407301360054 0.1492832167832168
180 0.15357193987115247 0.06902097902097902 0.02619899785254116 0.06477272727272727
53 0.8958697208303508 0.3012062937062937 0.05257695060844667 0.10956293706293707
53 0.9004724409448819 0.6507517482517483 0.05155332856120257 0.10935314685314684
171 0.07516105941302792 0.5733566433566433 0.049355762347888334 0.1244055944055944