137 0.4944530577088716 0.13705677867902666 0.08633074935400517 0.12475086906141367
110 0.6587855297157623 0.14831981460023175 0.07335055986218776 0.10479721900347624
55 0.4253229974160207 0.40606025492468134 0.042825150732127476 0.052502896871378914
110 0.8324547803617571 0.4356662804171495 0.04169681309216192 0.06536500579374276
137 0.9036175710594314 0.4399188876013905 0.044306632213608955 0.06981460023174971
130 0.61328165374677 0.4451564310544612 0.06410852713178296 0.0769872537659328
55 0.4234108527131783 0.4787833140208575 0.04473729543496985 0.05117033603707995
180 0.15381567614125755 0.050173812282734646 0.11135228251507322 0.10034762456546929
110 0.8341257536606373 0.5412050984936269 0.042179155900086134 0.06015063731170336
137 0.9064857881136952 0.548308227114716 0.04512489233419466 0.0647856315179606
55 0.4234108527131783 0.5585863267670915 0.04473729543496985 0.04855156431054461
130 0.6134883720930232 0.5609965237543453 0.06697674418604652 0.07028968713789108
102 0.4197329888027562 0.6696639629200463 0.04614987080103359 0.05588644264194669
110 0.8331696813092161 0.7175434530706837 0.04025839793281654 0.06517960602549247
137 0.9058656330749354 0.7201390498261877 0.046347975882859604 0.07405561993047509
130 0.614306632213609 0.7314484356894554 0.06369509043927649 0.07349942062572422
102 0.41583979328165377 0.7529663962920046 0.0408182601205857 0.043696407879490154
110 0.8346080964685616 0.8224449594438007 0.04313522825150732 0.05867902665121669
102 0.416244616709733 0.8249478563151795 0.041636520241171406 0.04530706836616454
137 0.9062790697674419 0.8257705677867903 0.04717484926787253 0.07012746234067208
130 0.6139018087855297 0.8384588644264195 0.06287683031869079 0.07563151796060255