137 0.7170010559662091 0.7994505494505495 0.08236536430834214 0.13553113553113552
137 0.5100316789862724 0.7994505494505495 0.044350580781414996 0.09340659340659341
180 0.8025343189017952 0.967948717948718 0.03801478352692714 0.06043956043956044
179 0.07972544878563886 0.6309523809523809 0.07708553326293559 0.14835164835164835
74 0.3706441393875396 0.6217948717948718 0.08342133051742344 0.1391941391941392
160 0.1726504751847941 0.6208791208791209 0.061246040126715945 0.11721611721611722
171 0.9435058078141499 0.6153846153846154 0.061246040126715945 0.10622710622710622
160 0.1689545934530095 0.4001831501831502 0.06230200633579725 0.10805860805860806
59 0.7228088701161562 0.3946886446886447 0.08236536430834214 0.15018315018315018
74 0.368532206969377 0.39285714285714285 0.0791974656810982 0.13736263736263737
160 0.17053854276663147 0.19505494505494506 0.061246040126715945 0.10989010989010989
74 0.3727560718057022 0.19139194139194138 0.08342133051742344 0.1391941391941392