180 0.03890489913544669 0.026345291479820628 0.07780979827089338 0.052690582959641255
29 0.16138328530259366 0.09024663677130045 0.07204610951008646 0.09192825112107623
28 0.16474543707973102 0.2219730941704036 0.06724303554274735 0.08968609865470852
32 0.2574447646493756 0.21973094170403587 0.07780979827089338 0.09080717488789238
137 0.36503362151777136 0.07230941704035874 0.07300672430355427 0.10089686098654709
137 0.3645533141210375 0.20011210762331838 0.0643611911623439 0.08071748878923767
136 0.7151777137367915 0.06950672645739911 0.06820365033621517 0.0795964125560538
61 0.722862632084534 0.19899103139013452 0.07012487992315082 0.08520179372197309
95 0.909702209414025 0.13228699551569506 0.15273775216138327 0.10201793721973094
109 0.8741594620557157 0.2982062780269058 0.056676272814601344 0.08520179372197309
177 0.9639769452449568 0.29876681614349776 0.07204610951008646 0.08632286995515695
125 0.14265129682997119 0.3744394618834081 0.04610951008645533 0.0515695067264574
125 0.515850144092219 0.3710762331838565 0.04514889529298751 0.05493273542600897
125 0.5168107588856868 0.6350896860986547 0.04226705091258405 0.053811659192825115
125 0.1440922190201729 0.6339686098654709 0.043227665706051875 0.0515695067264574
55 0.1930835734870317 0.49831838565022424 0.069164265129683 0.07511210762331838
55 0.6099903938520653 0.4966367713004484 0.06628242074927954 0.07847533632286996
95 0.39721421709894333 0.3077354260089686 0.069164265129683 0.07286995515695067
59 0.3976945244956772 0.4349775784753363 0.06243996157540826 0.07399103139013453
174 0.3904899135446686 0.6193946188340808 0.06628242074927954 0.07399103139013453
53 0.1733909702209414 0.7169282511210763 0.05763688760806916 0.0795964125560538
53 0.260806916426513 0.7230941704035875 0.056676272814601344 0.08295964125560538
53 0.5398655139289145 0.7225336322869955 0.05187319884726225 0.08183856502242152
53 0.6243996157540826 0.727017937219731 0.059558117195004805 0.0773542600896861