109 0.8943472409152086 0.6972361809045227 0.05652759084791386 0.12311557788944724
102 0.24091520861372812 0.6934673366834171 0.04845222072678331 0.10050251256281408
95 0.699192462987887 0.47361809045226133 0.05518169582772544 0.09296482412060302
55 0.24091520861372812 0.47361809045226133 0.05652759084791386 0.11055276381909548
64 0.17496635262449528 0.47361809045226133 0.05383580080753701 0.10552763819095477
178 0.8977119784656796 0.47361809045226133 0.08613728129205922 0.13316582914572864
3 0.47442799461641993 0.47361809045226133 0.05518169582772544 0.10050251256281408
32 0.5780619111709286 0.4723618090452261 0.05652759084791386 0.10301507537688442
58 0.20255720053835802 0.2964824120603015 0.06191117092866756 0.11306532663316583
28 0.47240915208613726 0.18341708542713567 0.05787348586810229 0.10552763819095477
180 0.6278600269179004 0.8630653266331658 0.04306864064602961 0.0829145728643216