180 0.1283008849557522 0.04483516483516483 0.04019469026548673 0.07569858712715856
89 0.1971150442477876 0.18736263736263736 0.08341592920353982 0.14623233908948197
55 0.042778761061946904 0.18519623233908947 0.05202654867256637 0.10525902668759811
102 0.19809734513274335 0.4742229199372056 0.06178761061946902 0.10246467817896389
102 0.5643008849557521 0.18563579277864992 0.05672566371681415 0.10089481946624804
102 0.5652831858407079 0.46899529042386184 0.05869026548672566 0.10246467817896389
53 0.38832743362831856 0.1851805337519623 0.08235398230088496 0.1471114599686028
3 0.6960265486725664 0.33558869701726846 0.08419469026548673 0.1496232339089482
37 0.6945486725663718 0.8133751962323391 0.08124778761061947 0.15282574568288854
6 0.8370973451327434 0.8133751962323391 0.0831504424778761 0.15282574568288854
34 0.8312035398230089 0.5579120879120879 0.0831504424778761 0.15472527472527473
89 0.38840707964601767 0.47172684458398745 0.09232743362831858 0.1668916797488226
89 0.38810619469026547 0.8023390894819465 0.08820353982300885 0.16249607535321822