180 0.020146520146520148 0.03604868913857678 0.035583464154892726 0.05805243445692884
171 0.04500261643118786 0.12640449438202248 0.042909471480900054 0.08146067415730338
171 0.041601255886970175 0.5411985018726592 0.04866562009419152 0.08333333333333333
171 0.04421768707482993 0.829119850187266 0.047619047619047616 0.08333333333333333
37 0.10989010989010989 0.5472846441947565 0.06384092098377812 0.11797752808988764
87 0.11119832548403977 0.35814606741573035 0.06279434850863422 0.10674157303370786
27 0.3359497645211931 0.24625468164794007 0.06384092098377812 0.10861423220973783
53 0.44583987441130296 0.36891385767790263 0.06593406593406594 0.11329588014981273
149 0.44479330193615907 0.6629213483146067 0.06384092098377812 0.11423220973782772
39 0.5845107273678702 0.6629213483146067 0.06331763474620618 0.11704119850187265
102 0.5852956567242281 0.397940074906367 0.06436420722135008 0.11235955056179775
71 0.5839874411302983 0.24157303370786518 0.06174777603349032 0.1104868913857678
137 0.9099947671376243 0.5543071161048689 0.046049188906331764 0.08333333333333333
54 0.8388278388278388 0.5566479400749064 0.03610675039246468 0.08052434456928839
128 0.7872841444270016 0.5566479400749064 0.05023547880690738 0.08801498127340825
55 0.7257980115122973 0.5571161048689138 0.044479330193615906 0.07771535580524344
132 0.696493982208268 0.45224719101123595 0.044479330193615906 0.07771535580524344