132 0.589 0.789375 0.025 0.03375
136 0.377 0.779375 0.043 0.05875
137 0.171 0.743125 0.049 0.05875
125 0.3415 0.72875 0.021 0.03125
125 0.56 0.71875 0.027 0.035
37 0.3785 0.716875 0.045 0.055
39 0.09 0.663125 0.059 0.075
0 0.172 0.66125 0.055 0.0725
112 0.272 0.651875 0.071 0.0875
3 0.389 0.574375 0.062 0.07625
28 0.1715 0.55875 0.053 0.065
27 0.093 0.556875 0.058 0.06875
55 0.2655 0.53375 0.053 0.0675
141 0.172 0.455625 0.056 0.07375
169 0.0925 0.455625 0.054 0.07375
102 0.465 0.41625 0.052 0.065
102 0.409 0.41625 0.051 0.065
102 0.3555 0.41625 0.05 0.0625
102 0.298 0.414375 0.048 0.06625
96 0.593 0.375 0.046 0.0725
50 0.6905 0.375 0.052 0.06625
98 0.172 0.348125 0.056 0.07
123 0.353 0.344375 0.028 0.03125
123 0.5575 0.34375 0.029 0.035
86 0.089 0.340625 0.051 0.07
62 0.447200 0.289312 0.066870 0.072212
62 0.299900 0.287850 0.065480 0.072625
137 0.168 0.24625 0.056 0.0675
109 0.3055 0.91875 0.05 0.07625
128 0.3355 0.174375 0.058 0.075
128 0.4205 0.173125 0.053 0.07
29 0.169 0.155 0.061 0.0725
