180 0.8644933228593873 0.9831460674157303 0.022780832678711706 0.033707865168539325
53 0.2596229379418696 0.7784019975031211 0.07148468185388845 0.11235955056179775
37 0.14886095836606442 0.7759051186017478 0.06755695208169678 0.10861423220973783
0 0.03220738413197172 0.7746566791510612 0.06441476826394343 0.10237203495630462
137 0.7089552238805971 0.7515605493133583 0.06755695208169678 0.10611735330836454
102 0.44147682639434405 0.7484394506866417 0.06834249803613511 0.10486891385767791
22 0.7097407698350353 0.5655430711610487 0.06912804399057344 0.10861423220973783
3 0.03220738413197172 0.951310861423221 0.05970149253731343 0.09737827715355805
102 0.2615868028279654 0.9506866416978776 0.06441476826394343 0.0986267166042447
137 0.1476826394344069 0.9481897627965044 0.06441476826394343 0.10362047440699126
102 0.5667714061272584 0.41385767790262173 0.06991358994501179 0.11610486891385768
53 0.4430479183032207 0.4132334581772784 0.07069913589945012 0.10611735330836454
3 0.7085624509033779 0.4101123595505618 0.06441476826394343 0.10736579275905118
137 0.7097407698350353 0.9257178526841449 0.06598586017282011 0.10861423220973783
137 0.7097407698350353 0.10362047440699126 0.06598586017282011 0.10861423220973783
37 0.7097407698350353 0.2515605493133583 0.07148468185388845 0.10861423220973783