96 0.4865497076023392 0.8329177057356608 0.06900584795321638 0.07356608478802992
59 0.48830409356725146 0.7213216957605985 0.05146198830409357 0.06234413965087282
125 0.38362573099415204 0.690149625935162 0.047953216374269005 0.05112219451371571
125 0.8222222222222222 0.6889027431421446 0.044444444444444446 0.04987531172069826
95 0.37543859649122807 0.9625935162094763 0.07602339181286549 0.05610972568578554
112 0.19707602339181288 0.6203241895261845 0.07017543859649122 0.07481296758104738
55 0.6356725146198831 0.6190773067331671 0.07017543859649122 0.07605985037406483
112 0.7824561403508772 0.6190773067331671 0.06549707602339182 0.07356608478802992
55 0.34385964912280703 0.6165835411471322 0.06900584795321638 0.07481296758104738
59 0.48830409356725146 0.5062344139650873 0.05730994152046784 0.06359102244389027
123 0.8222222222222222 0.4644638403990025 0.04678362573099415 0.04987531172069826
123 0.3830409356725146 0.463216957605985 0.0456140350877193 0.05236907730673317
12 0.48830409356725146 0.39214463840399 0.05146198830409357 0.05112219451371571
55 0.6385964912280702 0.3640897755610973 0.07251461988304093 0.07481296758104738
55 0.34502923976608185 0.3640897755610973 0.06900584795321638 0.07481296758104738
123 0.8222222222222222 0.24064837905236908 0.04678362573099415 0.048628428927680795
123 0.3847953216374269 0.23940149625935161 0.047953216374269005 0.05361596009975062
11 0.2695906432748538 0.1708229426433915 0.06549707602339182 0.0685785536159601
11 0.7076023391812866 0.1708229426433915 0.06315789473684211 0.06608478802992519
180 0.9029239766081871 0.885286783042394 0.04678362573099415 0.04987531172069826