171 0.958984375 0.9425770308123249 0.07421875 0.11204481792717087
141 0.67578125 0.9453781512605042 0.0615234375 0.0896358543417367
31 0.5 0.9488795518207283 0.0791015625 0.10224089635854341
28 0.3720703125 0.9495798319327731 0.076171875 0.10084033613445378
158 0.27001953125 0.9453781512605042 0.083984375 0.1092436974789916
36 0.7666015625 0.7773109243697479 0.0732421875 0.10364145658263306
171 0.9580078125 0.6442577030812325 0.080078125 0.12044817927170869
34 0.6943359375 0.6400560224089635 0.0703125 0.10084033613445378
33 0.5986328125 0.6421568627450981 0.072265625 0.10364145658263306
33 0.50439453125 0.6400560224089635 0.0693359375 0.10084033613445378
33 0.41748046875 0.6407563025210085 0.0732421875 0.09943977591036414
33 0.32861328125 0.6435574229691877 0.072265625 0.10504201680672269
33 0.2353515625 0.6428571428571429 0.0703125 0.10224089635854341
58 0.0654296875 0.8305322128851541 0.07421875 0.10504201680672269
58 0.06201171875 0.6407563025210085 0.0791015625 0.11064425770308123
63 0.06494140625 0.36554621848739494 0.0751953125 0.10644257703081232
147 0.06787109375 0.12885154061624648 0.068359375 0.10084033613445378
102 0.35693359375 0.13025210084033614 0.072265625 0.10644257703081232
137 0.7119140625 0.12464985994397759 0.080078125 0.1092436974789916
88 0.94482421875 0.25630252100840334 0.0556640625 0.05042016806722689
27 0.94580078125 0.15896358543417366 0.0537109375 0.07703081232492998
39 0.94482421875 0.0546218487394958 0.0478515625 0.06722689075630252