10 0.186875 0.75 0.0925 0.13272727272727272
137 0.055625 0.75 0.07625 0.12727272727272726
137 0.32375 0.7490909090909091 0.06625 0.10363636363636364
177 0.861875 0.7472727272727273 0.0825 0.10181818181818182
3 0.705 0.7472727272727273 0.095 0.13272727272727272
102 0.503125 0.6518181818181819 0.0775 0.11090909090909092
177 0.858125 0.6436363636363637 0.07875 0.10181818181818182
83 0.0575 0.5790909090909091 0.09 0.14363636363636365
37 0.704375 0.5518181818181818 0.0825 0.13454545454545455
137 0.0625 0.41545454545454547 0.07375 0.10727272727272727
10 0.95375 0.4081818181818182 0.04125 0.07090909090909091
53 0.3225 0.9390909090909091 0.07875 0.11818181818181818
3 0.95375 0.34545454545454546 0.03625 0.04909090909090909
37 0.95375 0.2909090909090909 0.03875 0.05454545454545454
53 0.95375 0.2309090909090909 0.03875 0.06363636363636363
83 0.9525 0.17181818181818181 0.0375 0.05818181818181818
102 0.951875 0.11818181818181818 0.03625 0.04727272727272727
137 0.95375 0.07363636363636364 0.03875 0.04727272727272727
177 0.860625 0.8463636363636363 0.07375 0.11090909090909092
102 0.5 0.8418181818181818 0.07375 0.13090909090909092