59 0.7130813953488372 0.8524096385542169 0.05581395348837209 0.06445783132530121
102 0.34651162790697676 0.8009036144578313 0.0877906976744186 0.09518072289156626
55 0.7194767441860465 0.7024096385542169 0.08023255813953488 0.08132530120481928
55 0.5767441860465117 0.5650602409638554 0.0755813953488372 0.08132530120481928
55 0.7758720930232558 0.5683734939759036 0.08081395348837209 0.08433734939759036
55 0.8991279069767442 0.5662650602409639 0.0755813953488372 0.0819277108433735
65 0.35784883720930233 0.36686746987951807 0.06802325581395349 0.0746987951807229
53 0.7238372093023255 0.23102409638554217 0.09476744186046511 0.09337349397590361
137 0.9017441860465116 0.23765060240963856 0.08197674418604652 0.08313253012048193
141 0.34738372093023256 0.6581325301204819 0.08023255813953488 0.08493975903614458
42 0.16046511627906976 0.5225903614457831 0.08197674418604652 0.04879518072289157
42 0.15872093023255815 0.45692771084337347 0.08604651162790698 0.04759036144578313
42 0.1630813953488372 0.38674698795180723 0.10058139534883721 0.05
42 0.1444767441860465 0.3680722891566265 0.08488372093023255 0.05060240963855422
42 0.14738372093023255 0.23734939759036144 0.09651162790697675 0.06807228915662651
42 0.15 0.13493975903614458 0.1063953488372093 0.07108433734939759
142 0.5854651162790697 0.6490963855421686 0.044767441860465114 0.051807228915662654
128 0.8973837209302326 0.3891566265060241 0.07209302325581396 0.07530120481927711
100 0.36104651162790696 0.21656626506024096 0.10523255813953489 0.07710843373493977
130 0.538953488372093 0.3891566265060241 0.06976744186046512 0.07530120481927711