125 0.3231636363636364 0.18025387870239773 0.049381818181818186 0.059619181946403386
125 0.14888484848484848 0.18260930888575458 0.04715151515151515 0.05222849083215797
125 0.5522666666666667 0.18260930888575458 0.043515151515151514 0.06029619181946404
125 0.7790545454545454 0.18361071932299014 0.04688484848484849 0.05827926657263752
55 0.1785939393939394 0.296064880112835 0.08927272727272728 0.10184767277856134
59 0.5874545454545455 0.2984203102961918 0.0862060606060606 0.11057827926657264
114 0.3606666666666667 0.29875881523272213 0.08283636363636364 0.09915373765867419
55 0.8177090909090909 0.29875881523272213 0.08265454545454545 0.09915373765867419
57 0.5911090909090909 0.5232087447108604 0.651339393939394 0.5232087447108604 0.651339393939394 0.5980324400564175 0.5911090909090909 0.5980324400564175
180 0.0978060606060606 0.06275035260930889 0.08007272727272728 0.0664033850493653
102 0.8148242424242425 0.6525952045133991 0.0838060606060606 0.09760225669957687
3 0.3672969696969697 0.7244428772919606 0.1064969696969697 0.12843441466854724
102 0.8615757575757576 0.7549929478138222 0.08724848484848485 0.08880112834978844
102 0.7729939393939395 0.8130747531734838 0.07978181818181818 0.09614950634696756