59 0.28076171875 0.6849442379182156 0.0625 0.11895910780669144
59 0.73583984375 0.6849442379182156 0.060546875 0.11152416356877323
13 0.736328125 0.5650557620817844 0.0263671875 0.05390334572490706
13 0.27978515625 0.5631970260223048 0.0283203125 0.048327137546468404
55 0.82666015625 0.5566914498141264 0.0439453125 0.08178438661710037
55 0.37109375 0.5529739776951673 0.037109375 0.08178438661710037
55 0.6474609375 0.5492565055762082 0.046875 0.08921933085501858
55 0.19189453125 0.5473977695167286 0.046875 0.0762081784386617
180 0.96484375 0.9460966542750929 0.0283203125 0.05947955390334572
13 0.736328125 0.41263940520446096 0.0283203125 0.05018587360594796
13 0.28125 0.4117100371747212 0.025390625 0.048327137546468404
55 0.6474609375 0.40148698884758366 0.04296875 0.07992565055762081
55 0.19189453125 0.40148698884758366 0.046875 0.07992565055762081
55 0.369140625 0.40055762081784385 0.0478515625 0.08550185873605948
55 0.82763671875 0.3986988847583643 0.0400390625 0.07992565055762081
137 0.2822265625 0.26858736059479554 0.044921875 0.10594795539033457
136 0.51953125 0.9052044609665427 0.0634765625 0.11338289962825279
132 0.9580078125 0.8262081784386617 0.033203125 0.0687732342007435
132 0.5029296875 0.8234200743494424 0.0283203125 0.05204460966542751
128 0.369140625 0.25650557620817843 0.0439453125 0.07992565055762081
128 0.646484375 0.25743494423791824 0.044921875 0.08178438661710037
128 0.8271484375 0.25464684014869887 0.0439453125 0.07992565055762081