32 0.072 0.17261904761904762 0.073 0.12074829931972789
90 0.423 0.1760204081632653 0.053 0.0935374149659864
33 0.7215 0.17772108843537415 0.072 0.12244897959183673
137 0.6015 0.18027210884353742 0.067 0.11564625850340136
137 0.418 0.48214285714285715 0.068 0.11054421768707483
3 0.064 0.5459183673469388 0.067 0.11564625850340136
102 0.186 0.5510204081632653 0.069 0.12244897959183673
63 0.9305 0.5943877551020408 0.072 0.11904761904761904
74 0.7435 0.6726190476190477 0.068 0.12074829931972789
53 0.4215 0.6768707482993197 0.067 0.12244897959183673
102 0.5405 0.6785714285714286 0.068 0.11734693877551021
28 0.932 0.7704081632653061 0.068 0.12074829931972789
37 0.059 0.7857142857142857 0.072 0.11564625850340136
87 0.1865 0.7874149659863946 0.064 0.11394557823129252
142 0.423 0.8801020408163265 0.068 0.11054421768707483
36 0.543 0.09948979591836735 0.035 0.06292517006802721
137 0.194 0.1649659863945578 0.072 0.12414965986394558