15 0.7763157894736842 0.8079526226734348 0.03654970760233918 0.050761421319796954
125 0.36622807017543857 0.7588832487309645 0.0445906432748538 0.04991539763113367
123 0.7510964912280702 0.7584602368866328 0.03728070175438596 0.050761421319796954
59 0.7173026315789474 0.6234983079526227 0.6497587719298246 0.6234983079526227 0.6497587719298246 0.7044543147208121 0.7173026315789474 0.7044543147208121 0.7173026315789474 0.6234983079526227
112 0.26096491228070173 0.6632825719120136 0.06798245614035088 0.08206429780033841
55 0.5255847953216374 0.6603214890016921 0.07602339181286549 0.10490693739424704
137 0.6041666666666666 0.950507614213198 0.06871345029239766 0.07952622673434856
95 0.06525950292397661 0.45665820642978 0.0038340643274853803 0.45665820642978 0.0038340643274853803 0.5318697123519458 0.06525950292397661 0.5318697123519458 0.06525950292397661 0.45665820642978
59 0.9468347953216374 0.45214467005076137 0.8767616959064328 0.45214467005076137 0.8767616959064328 0.5352495769881557 0.9468347953216374 0.5352495769881557 0.9468347953216374 0.45214467005076137
28 0.5023940058479532 0.9082698815566836 0.430047514619883 0.9082698815566836 0.430047514619883 0.9887182741116751 0.5023940058479532 0.9887182741116751 0.5023940058479532 0.9082698815566836
63 0.32492690058479534 0.9479695431472082 0.06578947368421052 0.07445008460236886
15 0.7763157894736842 0.4547377326565144 0.03654970760233918 0.04568527918781726
123 0.7503654970760234 0.4035532994923858 0.041666666666666664 0.047377326565143825
125 0.36659356725146197 0.4027072758037225 0.043859649122807015 0.05245346869712352
136 0.9111842105263158 0.33417935702199664 0.06505847953216375 0.07698815566835872
112 0.26096491228070173 0.30710659898477155 0.062134502923976605 0.07698815566835872
64 0.5274122807017544 0.3049915397631134 0.06725146198830409 0.09813874788494077
59 0.7187609649122807 0.2672673434856176 0.6517068713450292 0.2672673434856176 0.6517068713450292 0.3423604060913706 0.7187609649122807 0.3423604060913706 0.7187609649122807 0.2672673434856176