102 0.9168377823408624 0.31009615384615385 0.06673511293634497 0.14182692307692307
180 0.1524640657084189 0.03245192307692308 0.0513347022587269 0.06490384615384616
137 0.8018480492813141 0.3137019230769231 0.06570841889117043 0.14903846153846154
102 0.5672484599589322 0.3317307692307692 0.07186858316221766 0.14182692307692307
3 0.3921971252566735 0.3425480769230769 0.08213552361396304 0.17067307692307693
137 0.22073921971252566 0.35096153846153844 0.06878850102669405 0.13942307692307693
37 0.22176591375770022 0.7740384615384616 0.08213552361396304 0.17067307692307693
160 0.5015400410677618 0.7752403846153846 0.06570841889117043 0.1466346153846154
102 0.34650924024640656 0.7776442307692307 0.06776180698151951 0.15144230769230768
102 0.8023613963039015 0.7848557692307693 0.06673511293634497 0.15144230769230768
3 0.6370636550308009 0.7872596153846154 0.08521560574948665 0.18269230769230768
137 0.919917864476386 0.7872596153846154 0.06776180698151951 0.14182692307692307