15 0.2236549707602339 0.19225042301184433 0.0368859649122807 0.05060067681895093
125 0.6338961988304094 0.24102368866328255 0.04451023391812865 0.05000846023688663
123 0.24875000000000003 0.24158206429780035 0.03736111111111111 0.0511336717428088
59 0.316469 0.336024 0.067544 0.080956
112 0.7391374269005848 0.33659052453468696 0.06785087719298245 0.08208121827411168
55 0.47432748538011693 0.3397123519458545 0.07623538011695907 0.10525380710659898
137 0.39588450292397664 0.04931472081218274 0.06848684210526315 0.07944162436548224
95 0.965453 0.505736 0.061425 0.075212
59 0.088202 0.506303 0.070073 0.083105
28 0.533779 0.051506 0.072346 0.080448
63 0.6750657894736842 0.051852791878172586 0.06544590643274854 0.07436548223350255
15 0.2236549707602339 0.5452115059221658 0.0368859649122807 0.04587140439932318
123 0.2494809941520468 0.596522842639594 0.04174707602339181 0.046962774957698815
125 0.6334137426900585 0.5973688663282573 0.04353801169590643 0.05203891708967851
136 0.08869152046783625 0.6658714043993231 0.0652046783625731 0.0773688663282572
112 0.7391374269005848 0.6929357021996616 0.062002923976608185 0.07735194585448393
64 0.4726242690058479 0.694906937394247 0.06698830409356725 0.09821489001692048
59 0.314766 0.695186 0.067054 0.075093
