180 0.9140625 0.9012016021361816 0.10400390625 0.09946595460614152
59 0.70361328125 0.8384512683578104 0.06103515625 0.07610146862483311
136 0.609375 0.9499332443257676 0.0537109375 0.08544726301735647
32 0.31396484375 0.9399198931909212 0.07373046875 0.10881174899866489
59 0.11767578125 0.8404539385847797 0.056640625 0.0794392523364486
55 0.86962890625 0.6722296395193591 0.0693359375 0.09479305740987984
12 0.70166015625 0.6588785046728972 0.07275390625 0.09078771695594126
55 0.60693359375 0.6735647530040053 0.07275390625 0.10347129506008011
59 0.70458984375 0.5280373831775701 0.05615234375 0.07810413885180241
55 0.87109375 0.3751668891855808 0.07470703125 0.10080106809078772
55 0.603515625 0.37917222963951935 0.0712890625 0.10013351134846461
12 0.70458984375 0.3638184245660881 0.0693359375 0.08611481975967958
137 0.4208984375 0.4833110814419226 0.06396484375 0.10213618157543392
137 0.21044921875 0.48664886515353806 0.0634765625 0.10747663551401869
53 0.91015625 0.20427236315086783 0.0634765625 0.10614152202937249
53 0.75732421875 0.2049399198931909 0.06494140625 0.10146862483311081
53 0.57861328125 0.2049399198931909 0.05908203125 0.09412550066755675
2 0.42529296875 0.6535380507343124 0.06689453125 0.09813084112149532