180 0.014068522483940044 0.1080078125 0.027173447537473232 0.023955078125
32 0.500117773019272 0.149970703125 0.08531049250535333 0.079677734375
125 0.07229122055674518 0.292734375 0.028501070663811565 0.02720703125
125 0.4464882226980728 0.29375 0.032805139186295504 0.026796875
95 0.5013169164882227 0.03412109375 0.10198072805139187 0.0682421875
137 0.8664453961456102 0.35796875 0.08991434689507495 0.082255859375
59 0.413597 0.359600 0.080000 0.079004
123 0.07250535331905782 0.49978515625 0.02627408993576017 0.026259765625
55 0.0935117773019272 0.55947265625 0.025631691648822272 0.025849609375
55 0.47226980728051393 0.5599609375 0.02725910064239829 0.024873046875
63 0.8658565310492505 0.586845703125 0.0815845824411135 0.0777734375
42 0.5097323340471092 0.611865234375 0.05507494646680942 0.036884765625
42 0.6915203426124197 0.612197265625 0.056788008565310494 0.0375390625
42 0.31240899357601715 0.6130078125 0.054443254817987154 0.03720703125
42 0.1299036402569593 0.613330078125 0.05558886509635975 0.033955078125
42 0.22231263383297642 0.613818359375 0.056263383297644534 0.036884765625
42 0.6005353319057816 0.613984375 0.05896145610278373 0.03525390625
123 0.0727301927194861 0.744462890625 0.029389721627408993 0.024892578125
53 0.601071 0.816758 0.085728 0.077520
53 0.220171 0.817246 0.084101 0.076543
