0 0.28495 0.14771556550951848 0.07743571428571429 0.1267189249720045
124 0.6649642857142858 0.148006718924972 0.07429999999999999 0.11434490481522956
85 0.4757214285714286 0.14986562150055993 0.07676428571428572 0.11807390817469204
128 0.8563928571428572 0.47513997760358345 0.07382142857142857 0.11911534154535275
59 0.475121 0.475756 0.073193 0.112900
58 0.6657571428571428 0.4757558790593505 0.07588571428571428 0.12035834266517358
135 0.28528571428571425 0.47668533034714444 0.07684285714285714 0.118488241881299
180 0.2023785714285714 0.04892497200447928 0.02552857142857143 0.039988801791713324
52 0.8702785714285715 0.8162709966405375 0.07778571428571429 0.08843225083986563
81 0.6651642857142858 0.8327435610302352 0.08183571428571428 0.13257558790593504
126 0.4757214285714286 0.8343001119820829 0.08152142857142856 0.1319484882418813
