3 0.36310546875 0.2529647435897436 0.068583984375 0.13466346153846154
102 0.4910546875 0.25596153846153846 0.0632421875 0.11262820512820514
11 0.610244140625 0.2603044871794872 0.0721484375 0.11729166666666667
177 0.0762109375 0.3278846153846154 0.079619140625 0.14474358974358972
148 0.9418359375 0.3405769230769231 0.081474609375 0.15762820512820513
136 0.20328125 0.34562499999999996 0.06935546875 0.12262820512820512
37 0.765244140625 0.35876602564102567 0.074521484375 0.13392628205128204
166 0.364052734375 0.47980769230769227 0.0658203125 0.10948717948717948
137 0.487392578125 0.4809294871794872 0.07544921875 0.12182692307692307
1 0.509765625 0.720224358974359 0.071376953125 0.11567307692307693
1 0.62611328125 0.722900641025641 0.069697265625 0.1210096153846154
102 0.373681640625 0.7903205128205129 0.06533203125 0.10362179487179486
180 0.16318359375 0.05221153846153846 0.02609375 0.0415224358974359