109 0.08902890173410405 0.18645438898450947 0.08009248554913295 0.1399827882960413
37 0.3903121387283237 0.2028055077452668 0.05376878612716763 0.083184165232358
136 0.22734104046242776 0.2948881239242685 0.046901734104046244 0.07113597246127366
178 0.08979190751445087 0.2983304647160069 0.07701734104046243 0.0814629948364888
179 0.7587283236994219 0.2990533562822719 0.04470520231213873 0.06836488812392427
119 0.5964393063583815 0.3037865748709122 0.05445086705202312 0.08204819277108434
3 0.3986011560693642 0.38209982788296043 0.03566473988439307 0.052788296041308094
109 0.08998843930635839 0.3918588640275387 0.05197687861271676 0.10327022375215146
102 0.5800578034682081 0.46070567986230637 0.06101734104046243 0.09294320137693632
102 0.49433526011560697 0.4629948364888124 0.05835838150289017 0.09065404475043029
137 0.2924508670520231 0.4635628227194492 0.038404624277456646 0.05736660929432014
102 0.7104739884393063 0.463855421686747 0.05132947976878612 0.0889328743545611
3 0.3995606936416185 0.46471600688468157 0.035271676300578036 0.052788296041308094
3 0.3991791907514451 0.5484853700516351 0.039132947976878614 0.055077452667814115
136 0.2238728323699422 0.5559380378657487 0.04460115606936416 0.07
128 0.588728323699422 0.6311015490533564 0.034427745664739884 0.055077452667814115
128 0.6409364161849711 0.6311015490533564 0.03941040462427746 0.055077452667814115
53 0.7063815028901734 0.6315662650602409 0.036335260115606935 0.05641996557659208
28 0.788878612716763 0.07228915662650602 0.05783815028901734 0.08376936316695353
36 0.34832369942196534 0.8493975903614458 0.06226589595375723 0.09581755593803787
33 0.4581156069364162 0.8496901893287436 0.06453179190751446 0.09294320137693632
137 0.6068439306358381 0.09237521514629948 0.042890173410404624 0.0757314974182444
137 0.683121387283237 0.09294320137693632 0.03360693641618497 0.06311531841652324
137 0.5166820809248555 0.09466437177280551 0.04754913294797688 0.07344234079173839
144 0.7780924855491329 0.1698278829604131 0.04551445086705202 0.06540447504302926
29 0.7696184971098267 0.8195869191049914 0.0586242774566474 0.08783132530120483