102 0.5760714285714286 0.8083881578947368 0.07571428571428572 0.17434210526315788
171 0.9542857142857143 0.8083881578947368 0.05357142857142857 0.12171052631578948
53 0.4367857142857143 0.8050986842105263 0.07142857142857142 0.16776315789473684
3 0.7775 0.7870065789473685 0.07857142857142857 0.17105263157894737
102 0.5757142857142857 0.5016447368421053 0.06714285714285714 0.15789473684210525
53 0.4367857142857143 0.5 0.07142857142857142 0.17269736842105263
180 0.8421428571428572 0.9424342105263158 0.045714285714285714 0.10526315789473684
142 0.28035714285714286 0.2935855263157895 0.04357142857142857 0.09868421052631579
102 0.5771428571428572 0.20148026315789475 0.07 0.15789473684210525
53 0.43785714285714283 0.19983552631578946 0.075 0.16776315789473684
154 0.895 0.17598684210526316 0.04357142857142857 0.10361842105263158
29 0.9525 0.14720394736842105 0.06857142857142857 0.16776315789473684
3 0.7625 0.109375 0.04857142857142857 0.10526315789473684
102 0.7117857142857142 0.10855263157894737 0.04071428571428572 0.09539473684210527
71 0.18357142857142858 0.9046052631578947 0.04642857142857143 0.11348684210526316