177 0.8055063913470992 0.058256637168141605 0.8797050147492625 0.058256637168141605 0.8797050147492625 0.1334070796460177 0.8055063913470992 0.1334070796460177
55 0.2619665683382498 0.14561946902654868 0.09285152409046216 0.06630973451327435
136 0.5956047197640119 0.1507787610619469 0.06936086529006884 0.06336283185840708
95 0.727905604719764 0.15243362831858406 0.07340216322517208 0.06888495575221239
109 0.8423992133726648 0.18395575221238938 0.05411012782694199 0.06776106194690265
171 0.9578269419862341 0.21610619469026549 0.07167158308751229 0.06390265486725663
12 0.41338249754178963 0.24980530973451326 0.084070796460177 0.07061946902654867
59 0.5038446411012782 0.2517787610619469 0.06285152409046214 0.06624778761061947
32 0.5943756145526057 0.2521504424778761 0.07673549655850541 0.06698230088495576
159 0.8425958702064896 0.2746371681415929 0.08647000983284168 0.06328318584070797
62 0.6437364798426745 0.35186725663716817 0.05992133726647001 0.051814159292035394
137 0.5636479842674533 0.35205309734513274 0.06446411012782695 0.04553982300884956
102 0.3834316617502458 0.4556017699115045 0.05225172074729597 0.03973451327433628
65 0.29186823992133726 0.4595044247787611 0.06908554572271387 0.0458495575221239
181 0.5374336283185841 0.4598672566371681 0.06119960668633235 0.055433628318584074
26 0.1896755162241888 0.4600530973451328 0.06871189773844641 0.05358407079646017
95 0.4096361848574238 0.5603185840707964 0.06124877089478859 0.05057522123893805
3 0.6185447394296951 0.5651061946902656 0.05624385447394297 0.05573451327433628
180 0.7247689282202557 0.058955752212389384 0.07501474926253687 0.06875221238938053
171 0.906912487708948 0.8389026548672567 0.07988200589970501 0.0723362831858407
87 0.8106489675516224 0.8390884955752212 0.05943952802359882 0.03510619469026549
139 0.20130776794493607 0.2307787610619469 0.04790560471976401 0.04975221238938053
139 0.25162241887905606 0.23062831858407082 0.052192723697148474 0.05123008849557522
139 0.30457227138643067 0.23004424778761062 0.05384464110127827 0.05005309734513275
139 0.1993411996066863 0.281646017699115 0.051838741396263516 0.04707079646017699
139 0.2519567354965585 0.2828230088495575 0.04890855457227139 0.049424778761061945
139 0.3032546705998034 0.2810619469026549 0.05121927236971485 0.04589380530973451
139 0.20130776794493607 0.3316283185840708 0.051838741396263516 0.049690265486725664
139 0.2544149459193707 0.3317787610619469 0.05185840707964602 0.05176106194690266
105 0.6195968534906588 0.4574247787610619 0.05460176991150443 0.04817699115044247
95 0.7139724680432645 0.8382654867256637 0.06047197640117994 0.059424778761061954
152 0.20033431661750248 0.6401858407079646 0.05186823992133727 0.04910619469026549