32 0.07209 0.17244897959183675 0.07327 0.12098639455782313
90 0.42306 0.1760034013605442 0.05271 0.09406462585034014
33 0.72154 0.17741496598639456 0.07216 0.12239795918367347
137 0.60156 0.1805952380952381 0.06722 0.11602040816326531
137 0.41806 0.4820238095238095 0.06770999999999999 0.11086734693877551
3 0.06376 0.5461394557823129 0.06661 0.11579931972789116
102 0.18602000000000002 0.5514455782312925 0.06864 0.12215986394557823
63 0.93045 0.5943027210884354 0.07249 0.11860544217687075
74 0.74341 0.6722278911564625 0.06841 0.12137755102040818
53 0.42160000000000003 0.6771938775510205 0.06729 0.12280612244897958
102 0.54053 0.6786054421768707 0.06766 0.11712585034013606
28 0.93191 0.7699829931972789 0.06791 0.12132653061224491
37 0.05876 0.7859353741496599 0.07161 0.11494897959183674
87 0.18644 0.787704081632653 0.06447 0.11423469387755103
142 0.42306 0.879795918367347 0.06770999999999999 0.11134353741496598
36 0.54276 0.09918367346938775 0.03479 0.06343537414965986
137 0.19415000000000002 0.16537414965986394 0.07238 0.1238265306122449