32 0.09581946545637922 0.38773519163763065 0.043651033787191124 0.10339140534262485
37 0.09279374684820978 0.6195702671312427 0.04970247100353001 0.10711962833914054
6 0.20556227937468483 0.6110569105691057 0.047302067574382246 0.1086759581881533
137 0.20572869389813414 0.38464576074332174 0.04562279374684821 0.1064924506387921
132 0.3591729702471004 0.04754936120789779 0.03580937972768533 0.07806039488966318
3 0.41748865355521936 0.23911730545876886 0.04553202218860313 0.10348432055749128
53 0.5389964699949571 0.2410569105691057 0.044473020675743824 0.10270615563298491
132 0.35984367120524463 0.6269221835075494 0.03312153303076148 0.08002322880371661
3 0.678315683308119 0.23641114982578398 0.046772566817952596 0.10270615563298491
3 0.4181593545133636 0.8204413472706156 0.04687846696923852 0.10468060394889663
3 0.6776449823499747 0.8196631823461092 0.0454261220373172 0.10313588850174216
53 0.5388250126071609 0.8165737514518003 0.050191628845184064 0.1062253193960511
53 0.8084619263741806 0.23758420441347272 0.04483106404437721 0.10041811846689895
53 0.8082955118507311 0.8169686411149826 0.04247604639435199 0.10239256678281068
137 0.9287947554210791 0.23758420441347272 0.04343419062027231 0.10041811846689895
137 0.9289611699445286 0.818130081300813 0.045789208270297525 0.10934959349593497