37 0.6977611940298507 0.9011363636363636 0.11668928086838534 0.13106060606060607
28 0.8805970149253731 0.10151515151515152 0.06105834464043419 0.06742424242424243
178 0.49423337856173677 0.12840909090909092 0.06512890094979647 0.07575757575757576
137 0.2364314789687924 0.13674242424242425 0.06512890094979647 0.07121212121212121
102 0.9572591587516961 0.2318181818181818 0.06309362279511534 0.07121212121212121
102 0.8799185888738128 0.2321969696969697 0.06241519674355495 0.06818181818181818
102 0.6994572591587517 0.23333333333333334 0.05970149253731343 0.07045454545454545
102 0.6275440976933514 0.2340909090909091 0.060379918588873815 0.07272727272727272
102 0.23609226594301222 0.2909090909090909 0.06377204884667571 0.07045454545454545
102 0.14891451831750338 0.29128787878787876 0.06309362279511534 0.07121212121212121
102 0.3219131614654003 0.2943181818181818 0.06241519674355495 0.07121212121212121
53 0.9158751696065129 0.46136363636363636 0.11601085481682497 0.1303030303030303
3 0.46200814111261873 0.5996212121212121 0.1112618724559023 0.125
32 0.22388059701492538 0.6 0.11533242876526459 0.12803030303030302
102 0.6994572591587517 0.6018939393939394 0.11397557666214382 0.12651515151515152
177 0.034938941655359566 0.6079545454545454 0.06852103120759837 0.08409090909090909
53 0.9165535956580733 0.728030303030303 0.11465400271370421 0.1303030303030303