37 0.6977679782903663 0.9012878787878789 0.11639077340569878 0.1308560606060606
28 0.8804341926729986 0.10146212121212121 0.06109226594301221 0.06756818181818182
178 0.4942605156037992 0.12846969696969698 0.06487788331071913 0.07612878787878788
137 0.23651289009497964 0.13680303030303032 0.06498643147896879 0.07158333333333333
102 0.9573066485753052 0.2319772727272727 0.0628697421981004 0.07101515151515152
102 0.8797557666214383 0.23222727272727275 0.06244911804613297 0.06849242424242424
102 0.6993283582089552 0.2332348484848485 0.0598168249660787 0.07051515151515152
102 0.6276594301221167 0.23424242424242422 0.060298507462686564 0.07253030303030303
102 0.23606512890094977 0.2907954545454546 0.06407734056987789 0.07047727272727272
102 0.14879240162822252 0.2912954545454545 0.06321573948439621 0.07148484848484848
102 0.3219810040705563 0.2943257575757576 0.062232021709633656 0.07148484848484848
53 0.9159497964721844 0.4615227272727273 0.11584803256445046 0.1301212121212121
3 0.4619267299864315 0.599780303030303 0.11146540027137043 0.12481060606060607
32 0.22384667571234734 0.600030303030303 0.11563772048846675 0.12834848484848485
102 0.6993215739484396 0.6020530303030304 0.11407734056987788 0.12632575757575756
177 0.03483717774762551 0.6081136363636364 0.06868385345997285 0.08390909090909092
53 0.9166282225237449 0.7281060606060606 0.11449118046132971 0.12995454545454546