180 0.38293650793650796 0.6053763440860215 0.022222222222222223 0.06451612903225806
180 0.7301587301587301 0.9580645161290322 0.024603174603174603 0.07096774193548387
180 0.44841269841269843 0.9580645161290322 0.02142857142857143 0.06666666666666667
180 0.8206349206349206 0.5204301075268817 0.022222222222222223 0.06236559139784946
87 0.14047619047619048 0.4924731182795699 0.04285714285714286 0.12043010752688173
137 0.25992063492063494 0.4924731182795699 0.046031746031746035 0.12043010752688173
28 0.1992063492063492 0.4913978494623656 0.047619047619047616 0.12258064516129032
179 0.08373015873015872 0.49032258064516127 0.047619047619047616 0.12473118279569892
137 0.6317460317460317 0.45698924731182794 0.044444444444444446 0.11827956989247312
87 0.4932539682539683 0.45483870967741935 0.044444444444444446 0.12258064516129032
22 0.5603174603174603 0.45376344086021503 0.046825396825396826 0.12903225806451613
3 0.7936507936507936 0.4204301075268817 0.02857142857142857 0.07311827956989247
3 0.7464285714285714 0.3172043010752688 0.027777777777777776 0.07741935483870968
180 0.38055555555555554 0.2838709677419355 0.023015873015873017 0.06881720430107527
37 0.4928571428571429 0.27204301075268816 0.05 0.12473118279569892
28 0.5607142857142857 0.2709677419354839 0.04365079365079365 0.12688172043010754
179 0.6325396825396825 0.26666666666666666 0.046825396825396826 0.11612903225806452
3 0.746031746031746 0.22580645161290322 0.02857142857142857 0.07526881720430108
179 0.08373015873015872 0.17311827956989248 0.044444444444444446 0.12473118279569892
87 0.14047619047619048 0.17311827956989248 0.04285714285714286 0.12043010752688173
137 0.26031746031746034 0.17311827956989248 0.04285714285714286 0.12043010752688173
28 0.1976190476190476 0.16881720430107527 0.046031746031746035 0.12043010752688173
87 0.573015873015873 0.8301075268817204 0.04126984126984127 0.10967741935483871
149 0.7015873015873015 0.8290322580645161 0.04285714285714286 0.12258064516129032
28 0.3607142857142857 0.8290322580645161 0.04365079365079365 0.12903225806451613
136 0.6376984126984127 0.8279569892473119 0.04365079365079365 0.11827956989247312
87 0.30238095238095236 0.8279569892473119 0.04047619047619048 0.12043010752688173
137 0.4226190476190476 0.8268817204301075 0.04285714285714286 0.11612903225806452