180 0.08318087318087318 0.11538922155688623 0.024235966735966737 0.04847305389221557
58 0.5733731808731809 0.14298403193612774 0.04827442827442827 0.09168662674650699
136 0.9174064449064449 0.14597804391217567 0.05235446985446986 0.10166666666666667
22 0.9227754677754678 0.30793413173652695 0.04853950103950104 0.09425149700598802
125 0.8266164241164241 0.31126746506986025 0.022536382536382536 0.04501996007984032
125 0.15316008316008317 0.3115968063872256 0.022817047817047815 0.04169660678642715
1 0.4869386694386694 0.3528343313373254 0.03965176715176715 0.060289421157684625
112 0.1884927234927235 0.3914071856287425 0.039433471933471936 0.06558882235528941
112 0.7956081081081081 0.39407185628742514 0.037442827442827446 0.06292415169660678
171 0.4897245322245322 0.04749500998003992 0.15324844074844077 0.09498003992015969
123 0.1541995841995842 0.5480538922155689 0.020738045738045736 0.03955089820359282
123 0.8278274428274428 0.5500499001996008 0.02287941787941788 0.04354291417165669
55 0.6789163201663202 0.5460479041916168 0.7024870062370062 0.5460479041916168 0.7024870062370062 0.5905389221556885 0.6789163201663202 0.5905389221556885
55 0.2907900207900208 0.5696307385229541 0.025644490644490647 0.04430139720558882
68 0.9259355509355509 0.6364271457085828 0.05151247401247401 0.09521956087824351
42 0.60752079002079 0.6366167664670659 0.044319126819126815 0.06422155688622753
42 0.36489604989604985 0.6394610778443114 0.04763513513513514 0.06422155688622753
128 0.20113825363825363 0.7908183632734531 0.050166320166320166 0.09394211576846306
128 0.7895426195426195 0.7988023952095809 0.048186070686070684 0.09393213572854292
42 0.3658004158004158 0.8229441117764471 0.047957380457380454 0.0633433133732535
42 0.6081756756756758 0.8248403193612774 0.04711538461538462 0.061437125748503
140 0.9272817047817047 0.8417065868263472 0.04923076923076923 0.0959181636726547