180 0.137109375 0.1638888888888889 0.04609375 0.05555555555555555
112 0.1875 0.30625 0.05078125 0.08611111111111111
125 0.177734375 0.24027777777777778 0.02890625 0.05277777777777778
125 0.45546875 0.24166666666666667 0.02421875 0.05277777777777778
125 0.454296875 0.47847222222222224 0.0234375 0.05
125 0.178515625 0.48055555555555557 0.03203125 0.05694444444444444
95 0.391015625 0.2152777777777778 0.03984375 0.075
12 0.390625 0.3055555555555556 0.04609375 0.06111111111111111
12 0.391015625 0.5736111111111111 0.04453125 0.06527777777777778
112 0.391015625 0.4618055555555556 0.04453125 0.08055555555555556
55 0.471484375 0.3277777777777778 0.05859375 0.10138888888888889
55 0.281640625 0.3013888888888889 0.0578125 0.09166666666666666
112 0.5890625 0.3090277777777778 0.05 0.08333333333333333
137 0.725 0.5555555555555556 0.04765625 0.09722222222222222
102 0.80390625 0.5583333333333333 0.053125 0.09027777777777778
65 0.89921875 0.5604166666666667 0.05 0.09444444444444444
100 0.896484375 0.36041666666666666 0.05546875 0.09861111111111111
27 0.895703125 0.7944444444444444 0.05234375 0.09861111111111111
53 0.537109375 0.7152777777777778 0.03515625 0.07083333333333333
53 0.173828125 0.7152777777777778 0.03671875 0.0625
46 0.240625 0.7166666666666667 0.04296875 0.07361111111111111
131 0.307421875 0.7166666666666667 0.03984375 0.07777777777777778