180 0.8822429906542056 0.8938746438746439 0.06635514018691589 0.0868945868945869
95 0.561214953271028 0.9024216524216524 0.06448598130841121 0.10256410256410256
112 0.27242990654205607 0.6296296296296297 0.05514018691588785 0.09116809116809117
95 0.09018691588785047 0.6930199430199431 0.06448598130841121 0.07834757834757834
177 0.08785046728971962 0.5313390313390314 0.0691588785046729 0.09971509971509972
112 0.8303738317757009 0.6282051282051282 0.06542056074766354 0.10113960113960115
59 0.561214953271028 0.6937321937321937 0.07009345794392523 0.10113960113960115
55 0.36822429906542054 0.3554131054131054 0.06355140186915888 0.08974358974358974
55 0.7546728971962616 0.34971509971509973 0.06261682242990654 0.08404558404558404
125 0.8738317757009346 0.7236467236467237 0.038317757009345796 0.06695156695156695
125 0.8742990654205608 0.46794871794871795 0.03644859813084112 0.05982905982905983
125 0.5144859813084112 0.7329059829059829 0.03551401869158879 0.0641025641025641
125 0.5144859813084112 0.4722222222222222 0.029906542056074768 0.05555555555555555