137 0.6735906040268457 0.17309815950920246 0.06539149888143177 0.10208588957055215
137 0.5135234899328859 0.173420245398773 0.0724496644295302 0.10656441717791412
136 0.3681431767337808 0.17374233128834357 0.06691275167785235 0.10335889570552147
28 0.9277740492170021 0.175659509202454 0.06761744966442954 0.0918558282208589
136 0.24629753914988814 0.17811349693251532 0.06638702460850111 0.09912576687116564
171 0.034966442953020135 0.29671779141104293 0.0661185682326622 0.10009202453987731
180 0.27448545861297535 0.032883435582822085 0.06416107382550336 0.06575153374233128
177 0.10161073825503356 0.3583742331288344 0.0539821029082774 0.08920245398773005
109 0.033344519015659956 0.4254601226993865 0.05447427293064877 0.11598159509202455
102 0.5216778523489933 0.43216257668711655 0.0691834451901566 0.09490797546012271
102 0.5261073825503355 0.5458895705521473 0.06406040268456376 0.09226993865030675
53 0.9282438478747204 0.6171165644171779 0.06854586129753915 0.0928680981595092
3 0.24419463087248322 0.6219018404907976 0.08187919463087248 0.09861963190184049
102 0.5247091722595078 0.6592791411042945 0.07803131991051454 0.09285276073619632
160 0.9347651006711409 0.7442484662576687 0.05363534675615213 0.07107361963190184
102 0.5223825503355705 0.7637423312883436 0.07337807606263981 0.09085889570552147
102 0.522841163310962 0.865 0.06312080536912752 0.09016871165644172