180 0.02022501308215594 0.03586142322097378 0.03550497121925693 0.05799625468164794
171 0.0449869178440607 0.12633895131086142 0.043165881737310306 0.08164794007490637
171 0.0415018315018315 0.5410112359550562 0.04874934589220303 0.08325842696629214
171 0.04411826268969126 0.829307116104869 0.04770277341705913 0.08308052434456929
37 0.10985871271585557 0.5472378277153559 0.06406593406593407 0.11820224719101123
87 0.11125588697017269 0.35816479400749063 0.06266875981161696 0.10708801498127342
27 0.3358712715855573 0.24646067415730338 0.06397174254317112 0.10840823970037454
53 0.4457404500261643 0.3687734082397004 0.06601779173207745 0.11332397003745319
149 0.44469387755102036 0.662996254681648 0.06392464678178963 0.11376404494382023
39 0.5845578231292516 0.662687265917603 0.0631658817373103 0.11688202247191011
102 0.5852537938252225 0.3980992509363296 0.06456305599162741 0.11205992509363297
71 0.5838566195709053 0.2417790262172285 0.06177394034536891 0.11028089887640449
137 0.9098744113029827 0.5541385767790262 0.04609105180533752 0.08330524344569289
54 0.8388958660387232 0.5566385767790262 0.03600209314495029 0.08080524344569288
128 0.7872736787022502 0.5566292134831461 0.04997906855049712 0.08829588014981272
55 0.7258869701726844 0.5569475655430712 0.044421768707482996 0.077687265917603
132 0.6965934065934066 0.4521067415730337 0.04443223443223443 0.07775280898876405