160 0.668876953125 0.23675438596491227 0.04138671875 0.08103508771929824
163 0.107783203125 0.2370877192982456 0.0346484375 0.0856140350877193
180 0.33056640625 0.02956140350877193 0.032802734375 0.05180701754385965
102 0.538154296875 0.31664912280701757 0.038193359375 0.07319298245614035
3 0.417919921875 0.31763157894736843 0.038603515625 0.07124561403508772
102 0.537607421875 0.45533333333333337 0.034931640625 0.06985964912280702
3 0.41955078125 0.45631578947368423 0.0353515625 0.07180701754385965
102 0.7999609375 0.5335964912280702 0.040966796875 0.07435087719298246
164 0.9098828125 0.5348947368421052 0.061171875 0.10814035087719298
137 0.671044921875 0.5355438596491228 0.04572265625 0.07824561403508772
3 0.419365234375 0.6528070175438597 0.037158203125 0.07103508771929824
102 0.53669921875 0.6560526315789473 0.04396484375 0.07363157894736842
160 0.67068359375 0.7356140350877193 0.040654296875 0.08071929824561404
102 0.538154296875 0.8015438596491228 0.03818359375 0.07614035087719298
3 0.420087890625 0.8018771929824561 0.038603515625 0.06899999999999999
163 0.853662109375 0.11494736842105263 0.04203125 0.09085964912280702
3 0.41755859375 0.1552280701754386 0.037880859375 0.07394736842105262
102 0.536162109375 0.15652631578947368 0.04072265625 0.07654385964912282