39 0.08220029239766082 0.8541389728096678 0.10824561403508773 0.09700151057401814
180 0.08190058479532164 0.14280966767371603 0.08206140350877193 0.08296072507552871
142 0.26430555555555557 0.23027190332326283 0.12888157894736843 0.1143655589123867
137 0.8763815789473685 0.23216012084592144 0.10304824561403508 0.11058912386706948
3 0.5849634502923977 0.2334138972809668 0.10864766081871345 0.10555135951661632
37 0.4269152046783626 0.23593655589123866 0.11054093567251462 0.10303625377643504
53 0.7366154970760235 0.23750755287009062 0.09762426900584796 0.10240936555891239
29 0.08281432748538012 0.3856873111782477 0.10215643274853801 0.10043051359516617
102 0.8136549707602339 0.44043051359516616 0.12377923976608188 0.11172205438066464
102 0.6409941520467837 0.44388972809667676 0.10375000000000001 0.10731117824773415
102 0.47594298245614036 0.4454607250755287 0.10260233918128656 0.10668429003021149
102 0.29505847953216374 0.4467220543806647 0.10633040935672515 0.0941012084592145
55 0.5188815789473684 0.05314954682779457 0.11902777777777779 0.10629154078549848
27 0.08616228070175438 0.5379607250755287 0.10520467836257309 0.09530211480362538
123 0.7670687134502924 0.5832703927492447 0.048888888888888885 0.0575226586102719
123 0.21863304093567248 0.587356495468278 0.05216374269005848 0.061925981873111775
123 0.5137061403508771 0.5883006042296072 0.05386695906432749 0.06003776435045317
28 0.08616228070175438 0.6864501510574018 0.10520467836257309 0.09772658610271902
46 0.08478070175438597 0.2385725075528701 0.10124269005847954 0.1005060422960725
130 0.2864985380116959 0.677583081570997 0.08655701754385965 0.0842749244712991
130 0.5632456140350877 0.6770845921450152 0.09033625730994152 0.08326283987915407
130 0.8200146198830409 0.6710422960725075 0.08925438596491228 0.0832703927492447