64 0.3594405594405594 0.6655555555555556 0.06293706293706294 0.09555555555555556
55 0.23216783216783216 0.6622222222222223 0.06713286713286713 0.12222222222222222
32 0.651048951048951 0.6611111111111111 0.07412587412587412 0.1288888888888889
95 0.8041958041958042 0.6555555555555556 0.07412587412587412 0.08888888888888889
137 0.4958041958041958 0.6488888888888888 0.07972027972027972 0.12444444444444444
62 0.08531468531468532 0.5755555555555556 0.06293706293706294 0.13111111111111112
180 0.35454545454545455 0.9477777777777778 0.07972027972027972 0.10444444444444445
87 0.28321678321678323 0.4711111111111111 0.03636363636363636 0.08444444444444445
102 0.22517482517482518 0.43555555555555553 0.032167832167832165 0.05555555555555555
102 0.35804195804195804 0.43333333333333335 0.06433566433566433 0.12222222222222222
3 0.4986013986013986 0.4266666666666667 0.06433566433566433 0.1111111111111111
102 0.2097902097902098 0.4011111111111111 0.027972027972027972 0.051111111111111114
53 0.08391608391608392 0.35333333333333333 0.06853146853146853 0.12444444444444444
28 0.4972027972027972 0.20333333333333334 0.07832167832167833 0.13333333333333333
104 0.08391608391608392 0.1388888888888889 0.07412587412587412 0.12222222222222222
37 0.5062937062937063 0.8888888888888888 0.06293706293706294 0.1111111111111111
100 0.08531468531468532 0.79 0.07132867132867132 0.12222222222222222
177 0.9601398601398602 0.6533333333333333 0.07132867132867132 0.1288888888888889