55 0.2769059829059829 0.20879781420765026 0.12697435897435896 0.1153551912568306
136 0.747846 0.218233 0.096393 0.101876
95 0.9390085470085471 0.22229508196721312 0.09883760683760684 0.11805100182149363
139 0.26456410256410257 0.3508014571948998 0.06811965811965812 0.08770491803278688
139 0.19304273504273506 0.35214936247723133 0.06940170940170941 0.08231329690346083
139 0.3389401709401709 0.3534972677595628 0.07630769230769231 0.08500910746812386
59 0.6212478632478633 0.38285974499089254 0.08632478632478632 0.10726775956284153
32 0.7516410256410256 0.38318761384335154 0.11917948717948718 0.1281785063752277
12 0.49305982905982904 0.3862295081967213 0.13005128205128205 0.1221129326047359
139 0.3373675213675214 0.43783242258652094 0.06935042735042735 0.07555555555555556
139 0.1927179487179487 0.4385063752276867 0.07258119658119658 0.07690346083788707
139 0.2658290598290598 0.4398542805100182 0.07064957264957265 0.07959927140255009
139 0.19304273504273506 0.5228415300546448 0.07700854700854701 0.08366120218579234
139 0.2670940170940171 0.5238433515482696 0.08076923076923077 0.08972677595628414
62 0.8177948717948719 0.5585974499089253 0.08813675213675214 0.07420765027322404
137 0.7038632478632478 0.5589253187613844 0.072991452991453 0.07083788706739527
180 0.9317264957264957 0.06881602914389799 0.11087179487179487 0.10659380692167578
102 0.4528717948717949 0.7285974499089253 0.07625641025641025 0.06612021857923497
105 0.7845641025641026 0.7312932604735883 0.07105982905982906 0.07959927140255009
160 0.5547863247863248 0.734663023679417 0.07495726495726496 0.07016393442622951
65 0.32058119658119655 0.7360109289617486 0.09276923076923077 0.0809471766848816
26 0.17784615384615385 0.7363570127504554 0.0997948717948718 0.09377049180327868
181 0.6674529914529914 0.7390528233151185 0.07996581196581197 0.09107468123861566
95 0.48800000000000004 0.9046812386156649 0.09714529914529914 0.09040072859744991
3 0.7845641025641026 0.9093989071038251 0.09384615384615384 0.09983606557377049
