132 0.10107421875 0.05539070227497527 0.0302734375 0.06429277942631058
171 0.0244140625 0.5004945598417408 0.0419921875 0.08704253214638971
96 0.1328125 0.5004945598417408 0.04443359375 0.08803165182987141
125 0.26708984375 0.18199802176063304 0.02734375 0.051434223541048464
59 0.208984375 0.49554896142433236 0.04736328125 0.09693372898120672
64 0.29833984375 0.24629080118694363 0.03173828125 0.06923837784371908
125 0.2666015625 0.6241345202769535 0.0283203125 0.04945598417408507
123 0.47412109375 0.18892185954500496 0.03173828125 0.06627101879327399
123 0.4736328125 0.6280909990108803 0.03076171875 0.06132542037586548
128 0.5390625 0.7111770524233432 0.04345703125 0.08803165182987141
128 0.53857421875 0.2818991097922849 0.04248046875 0.08506429277942631
158 0.673828125 0.16913946587537093 0.04541015625 0.08704253214638971
36 0.7509765625 0.314540059347181 0.048828125 0.09990108803165183
33 0.6806640625 0.5212660731948566 0.05078125 0.10089020771513353
34 0.82666015625 0.52324431256182 0.0517578125 0.10286844708209693
27 0.82666015625 0.7012858555885262 0.05029296875 0.10187932739861523
63 0.681640625 0.7032640949554896 0.04833984375 0.09594460929772503
162 0.93701171875 0.10286844708209693 0.0703125 0.13847675568743817
171 0.82763671875 0.8862512363996043 0.04541015625 0.08605341246290801