171 0.032486654804270466 0.4303080985915493 0.04653024911032028 0.09418133802816901
37 0.2271396797153025 0.19271126760563378 0.04259341637010676 0.08377640845070422
37 0.3180160142348754 0.19183098591549294 0.041076512455516016 0.09257042253521126
87 0.41259786476868326 0.1974031690140845 0.045186832740213526 0.08611795774647887
32 0.11684163701067617 0.4303080985915493 0.042642348754448396 0.08714788732394366
137 0.22846975088967972 0.4323591549295775 0.047041814946619215 0.08772887323943662
53 0.5813701067615659 0.15222711267605635 0.039310498220640575 0.0732306338028169
102 0.514506227758007 0.28950704225352114 0.03548487544483986 0.07314260563380282
102 0.6492660142348754 0.2897975352112676 0.036316725978647685 0.0702112676056338
102 0.5143594306049822 0.7503345070422535 0.0369661921708185 0.07579225352112676
102 0.8359119217081851 0.6890316901408451 0.034163701067615654 0.07641725352112676
142 0.5809252669039147 0.28921654929577467 0.036641459074733096 0.06904049295774649
3 0.515547153024911 0.42297535211267606 0.03934163701067615 0.06895246478873239
3 0.5152491103202846 0.6139348591549295 0.035186832740213524 0.0670774647887324
160 0.6265836298932385 0.6910827464788732 0.03543594306049822 0.06995598591549296
165 0.7509653024911033 0.2452112676056338 0.03686832740213523 0.07962147887323943
168 0.8363567615658364 0.24932218309859155 0.03683274021352313 0.07375880281690142
38 0.9202624555160143 0.24961267605633802 0.037388790035587184 0.07786091549295775
66 0.8353202846975089 0.36958626760563384 0.0365346975088968 0.07485035211267606
133 0.7514101423487545 0.36958626760563384 0.03597864768683274 0.07485035211267606
100 0.731396797153025 0.6910827464788732 0.03687722419928826 0.07699823943661972
137 0.6277713523131673 0.8189788732394366 0.03425266903914591 0.06518485915492958
65 0.9202669039145909 0.6893221830985916 0.033830071174377224 0.07347711267605633