122 0.06517857142857143 0.8429441201000835 0.05471428571428571 0.06023352793994996
28 0.3237642857142857 0.9428273561301085 0.03973571428571429 0.04731442869057548
54 0.5951357142857143 0.9450875729774812 0.032485714285714284 0.04140950792326939
63 0.7988500000000001 0.11214345287739784 0.05613571428571429 0.0630442035029191
125 0.6841285714285714 0.23404503753127606 0.0194 0.024662218515429525
123 0.28749285714285716 0.23525437864887405 0.01897142857142857 0.025004170141784823
80 0.9057000000000001 0.026722268557130942 0.03931428571428571 0.04371976647206005
58 0.6653642857142857 0.29462885738115097 0.06557142857142857 0.08420350291909924
137 0.20593571428571428 0.3423352793994996 0.05862142857142857 0.0823185988323603
166 0.09318571428571429 0.34522935779816516 0.0591 0.06930775646371976
55 0.8022428571428573 0.35275229357798166 0.07027857142857143 0.08925771476230192
101 0.5561999999999999 0.4265054211843203 0.03497142857142857 0.0384487072560467
59 0.7461 0.45257714762301915 0.05562142857142857 0.06371976647206005
59 0.7472928571428572 0.4537364470391993 0.05085714285714286 0.060475396163469565
52 0.43135714285714283 0.46402001668056714 0.033492857142857144 0.030075062552126774
3 0.06330714285714285 0.469024186822352 0.06145714285714286 0.077139282735613
102 0.3442 0.5042285237698082 0.04467857142857143 0.05025854879065888
52 0.5243428571428572 0.5298582151793161 0.031964285714285716 0.022043369474562136
77 0.48818571428571433 0.532977481234362 0.04001428571428572 0.032460383653044204
57 0.25122142857142854 0.5250875729774812 0.29487857142857143 0.5250875729774812 0.29487857142857143 0.5719099249374479 0.25122142857142854 0.5719099249374479
3 0.17340714285714287 0.5493911592994162 0.0507 0.06829024186822352
52 0.4936928571428571 0.6038532110091743 0.03495 0.02407839866555463
52 0.4279357142857143 0.6042035029190993 0.03200714285714286 0.02477064220183486
77 0.5271714285714285 0.6080150125104253 0.02155 0.044920767306088405
100 0.12222857142857144 0.7050291909924937 0.04120714285714286 0.0542952460383653
52 0.4343285714285714 0.7240533778148457 0.0323 0.02261884904086739
52 0.6001928571428571 0.8207172643869891 0.024728571428571426 0.01577981651376147
162 0.02232857142857143 0.08301918265221019 0.044007142857142856 0.06039199332777314
52 0.5179142857142858 0.8262718932443703 0.03339285714285714 0.022718932443703085
59 0.32822142857142855 0.8287072560467056 0.041507142857142854 0.048423686405337785
77 0.4799785714285714 0.830091743119266 0.03787142857142858 0.030358632193494578
110 0.5594285714285715 0.8321768140116764 0.014628571428571428 0.030358632193494578