180 0.13728125 0.16394444444444445 0.0460703125 0.05541666666666666
112 0.1876796875 0.3060972222222222 0.0508828125 0.08573611111111111
125 0.177828125 0.24031944444444445 0.028945312499999997 0.053375
125 0.455484375 0.24197222222222223 0.0239921875 0.052722222222222226
125 0.45417968750000004 0.47866666666666663 0.0236171875 0.04993055555555556
125 0.17838281250000002 0.4803194444444444 0.0322890625 0.05720833333333333
95 0.39094531250000003 0.21518055555555557 0.040015625 0.07455555555555556
12 0.390765625 0.3054444444444444 0.0463359375 0.06061111111111111
12 0.39094531250000003 0.573875 0.0444765625 0.0657361111111111
112 0.39094531250000003 0.4621388888888889 0.0444765625 0.0803611111111111
55 0.47165625 0.32758333333333334 0.058578125 0.10093055555555555
55 0.28159375 0.30147222222222225 0.057914062499999995 0.09234722222222222
112 0.5890078125 0.3087361111111111 0.04996875 0.08309722222222223
137 0.7249531250000001 0.5556944444444445 0.0473125 0.09683333333333333
102 0.8038046874999999 0.5586666666666666 0.0532265625 0.09087500000000001
65 0.8992109375 0.5606527777777778 0.04984375 0.09484722222222224
100 0.896421875 0.3603055555555556 0.055421874999999995 0.09893055555555556
27 0.8958671875 0.794375 0.052078124999999996 0.098
53 0.5369375 0.715361111111111 0.0351171875 0.07094444444444445
53 0.173921875 0.715361111111111 0.0367578125 0.06301388888888888
46 0.24055468750000003 0.7165 0.042890625 0.07305555555555555
131 0.307265625 0.7167916666666667 0.039609375 0.07709722222222222