55 0.844169921875 0.29715328467153285 0.049267578125 0.0939963503649635
132 0.383662109375 0.0314963503649635 0.0364453125 0.062992700729927
95 0.219912109375 0.3150182481751825 0.087373046875 0.12514598540145985
3 0.45525390625 0.33742700729927005 0.072216796875 0.13806569343065692
125 0.697314453125 0.42105839416058394 0.033876953125 0.058959854014598544
1 0.846005859375 0.44764598540145983 0.04560546875 0.09390510948905109
55 0.84884765625 0.5924452554744526 0.04642578125 0.0960948905109489
180 0.4536328125 0.6323540145985401 0.06408203125 0.08923357664233576
95 0.632216796875 0.8744525547445255 0.094111328125 0.12177007299270073
102 0.567939453125 0.09571167883211679 0.07298828125 0.13821167883211677
109 0.04640625 0.117007299270073 0.040654296875 0.11691605839416057
123 0.696904296875 0.12156934306569343 0.033056640625 0.06218978102189781
102 0.841533203125 0.15501824817518248 0.04642578125 0.09257299270072993