109 0.04266467065868264 0.7547619047619047 0.05389221556886228 0.11904761904761904
59 0.32934131736526945 0.7178571428571429 0.061377245508982034 0.0880952380952381
180 0.9715568862275449 0.9702380952380952 0.05538922155688623 0.05952380952380952
180 0.7986526946107785 0.9678571428571429 0.05688622754491018 0.06428571428571428
55 0.937125748502994 0.6607142857142857 0.0748502994011976 0.10714285714285714
55 0.6160179640718563 0.4880952380952381 0.07784431137724551 0.10238095238095238
55 0.7245508982035929 0.48333333333333334 0.08233532934131736 0.11904761904761904
55 0.37949101796407186 0.48095238095238096 0.07784431137724551 0.10714285714285714
55 0.20658682634730538 0.4797619047619048 0.07784431137724551 0.10238095238095238
55 0.5157185628742516 0.4785714285714286 0.0748502994011976 0.10714285714285714
96 0.8255988023952096 0.4261904761904762 0.05538922155688623 0.0880952380952381
148 0.9333832335329342 0.3726190476190476 0.05239520958083832 0.09523809523809523
55 0.7252994011976048 0.2904761904761905 0.07784431137724551 0.10476190476190476
171 0.04565868263473054 0.925 0.07335329341317365 0.09285714285714286
128 0.20958083832335328 0.21785714285714286 0.059880239520958084 0.09047619047619047
128 0.40344311377245506 0.2119047619047619 0.059880239520958084 0.09047619047619047
62 0.5905688622754491 0.20833333333333334 0.08233532934131736 0.11190476190476191
137 0.5366766467065869 0.875 0.07634730538922156 0.12142857142857143
136 0.20508982035928144 0.8738095238095238 0.06736526946107785 0.11190476190476191
32 0.33083832335329344 0.8714285714285714 0.07784431137724551 0.10714285714285714
55 0.9423652694610778 0.8464285714285714 0.07784431137724551 0.11428571428571428
173 0.8300898203592815 0.8452380952380952 0.05089820359281437 0.09285714285714286
28 0.6586826347305389 0.7773809523809524 0.08083832335329341 0.11904761904761904