180 0.15103515625 0.07354166666666666 0.031826171875 0.03858072916666667
171 0.056982421875 0.22735677083333336 0.042939453125 0.05713541666666667
136 0.060400390625 0.45536458333333335 0.055625 0.07305989583333333
96 0.221337890625 0.44950520833333335 0.047421875 0.0639453125
112 0.340126953125 0.2716145833333333 0.038916015625 0.05190104166666667
125 0.288212890625 0.17528645833333334 0.02689453125 0.03634114583333333
125 0.28642578125 0.5313020833333334 0.025263671875 0.0322265625
171 0.058447265625 0.6265364583333334 0.040009765625 0.06384114583333333
112 0.33849609375 0.6169921875000001 0.035654296875 0.05516927083333333
55 0.463466796875 0.29221354166666663 0.062939453125 0.08529947916666668
55 0.4636328125 0.5991927083333334 0.061318359375 0.08208333333333333
55 0.654833984375 0.2976432291666667 0.062861328125 0.083125
55 0.656787109375 0.598984375 0.062861328125 0.08424479166666667
123 0.5754296875 0.51546875 0.025146484375 0.03440104166666667
123 0.575595703125 0.16270833333333332 0.027421875 0.03721354166666666
13 0.422421875 0.21 0.024130859375 0.03131510416666667
59 0.564404296875 0.4477994791666667 0.042158203125 0.05270833333333333
56 0.670830078125 0.4482291666666667 0.04015625 0.05358072916666667
11 0.79482421875 0.22520833333333334 0.042060546875 0.05544270833333333
62 0.795146484375 0.320234375 0.04662109375 0.052786458333333335
62 0.79580078125 0.5593098958333333 0.044013671875 0.05177083333333333
11 0.79482421875 0.6545442708333333 0.042060546875 0.05735677083333333
13 0.6098828125 0.20976562499999998 0.02470703125 0.032278645833333335