125 0.676969696969697 0.8194640338504936 0.0496969696969697 0.05923836389280677
125 0.850909090909091 0.8173483779971791 0.04727272727272727 0.05218617771509168
125 0.4478787878787879 0.8173483779971791 0.04363636363636364 0.06064880112834979
125 0.22121212121212122 0.8166431593794076 0.04727272727272727 0.05782792665726375
55 0.8212121212121212 0.7038081805359662 0.08969696969696969 0.10155148095909731
59 0.4127272727272727 0.7016925246826516 0.08606060606060606 0.11001410437235543
114 0.6393939393939394 0.7009873060648801 0.08242424242424243 0.09873060648801128
55 0.18242424242424243 0.7009873060648801 0.08242424242424243 0.09873060648801128
57 0.378776 0.439379 0.060230 0.074824
180 0.9024242424242425 0.9372355430183357 0.08 0.06629055007052186
102 0.18545454545454546 0.34767277856135403 0.08363636363636363 0.09732016925246827
3 0.6327272727272727 0.2757404795486601 0.10666666666666667 0.12834978843441466
102 0.13818181818181818 0.2447108603667137 0.08727272727272728 0.08885754583921016
102 0.22727272727272727 0.18688293370944992 0.08 0.09590973201692525
