123 0.4458413926499033 0.2155688622754491 0.019342359767891684 0.06187624750499002
123 0.3552546744036106 0.22255489021956087 0.019987105093488073 0.05788423153692615
57 0.303527 0.350739 0.050380 0.174192
59 0.4245647969052224 0.3522954091816367 0.050934880722114766 0.17165668662674652
176 0.1344294003868472 0.35429141716566864 0.05351386202450032 0.16766467065868262
50 0.6453900709219859 0.3562874251497006 0.05415860735009671 0.16966067864271456
3 0.2130883301096067 0.35728542914171657 0.052869116698903935 0.16766467065868262
180 0.0854287556415216 0.043912175648702596 0.020631850419084462 0.059880239520958084
27 0.5164410058027079 0.7534930139720559 0.050934880722114766 0.1596806387225549
179 0.28368794326241137 0.7554890219560878 0.049000644745325596 0.1596806387225549
28 0.4384268214055448 0.7554890219560878 0.05222437137330754 0.1656686626746507
86 0.36299161831076726 0.7584830339321357 0.04964539007092199 0.1596806387225549
132 0.10573823339780787 0.09880239520958084 0.018697614442295292 0.059880239520958084
171 0.03127014829142489 0.35429141716566864 0.052869116698903935 0.18562874251497005
