171 0.9260355029585798 0.761520737327189 0.06804733727810651 0.11059907834101383
136 0.7581360946745562 0.7315668202764977 0.07100591715976332 0.1382488479262673
59 0.639792899408284 0.7315668202764977 0.08727810650887574 0.15668202764976957
137 0.2514792899408284 0.5921658986175116 0.11094674556213018 0.1774193548387097
148 0.6671597633136095 0.478110599078341 0.0650887573964497 0.1359447004608295
148 0.3025147928994083 0.39631336405529954 0.06804733727810651 0.14055299539170507
32 0.4068047337278107 0.38940092165898615 0.07396449704142012 0.1313364055299539
148 0.1264792899408284 0.3686635944700461 0.06804733727810651 0.14055299539170507
171 0.5392011834319527 0.16589861751152074 0.0621301775147929 0.10829493087557604
53 0.2514792899408284 0.8329493087557603 0.08875739644970414 0.14746543778801843
55 0.46967455621301774 0.7741935483870968 0.09763313609467456 0.15898617511520738