1 0.29345703125 0.2145960034752389 0.0400390625 0.07732406602953953
136 0.1845703125 0.21285838401390095 0.0546875 0.10425716768027801
180 0.484375 0.8679409209383145 0.03662109375 0.06429192006950478
58 0.958984375 0.8670721112076455 0.03759765625 0.06950477845351868
123 0.939453125 0.7463075586446568 0.02587890625 0.045178105994787145
125 0.33447265625 0.7445699391833188 0.0234375 0.04691572545612511
111 0.39697265625 0.7263249348392702 0.0634765625 0.06516072980017376
11 0.46044921875 0.6768027801911382 0.05322265625 0.09296264118158123
121 0.39697265625 0.6481320590790617 0.04638671875 0.07732406602953953
55 0.86181640625 0.6142484795829714 0.04248046875 0.08340573414422242
12 0.861328125 0.5212858384013901 0.0361328125 0.05994787141615986
56 0.39208984375 0.5039096437880104 0.048828125 0.08514335360556038
98 0.4638671875 0.5030408340573415 0.04931640625 0.09035621198957429
112 0.28955078125 0.4526498696785404 0.0400390625 0.0738488271068636
55 0.86083984375 0.4274543874891399 0.04736328125 0.0790616854908775
128 0.43872140966796874 0.39176798349261516 0.4878477690429687 0.39176798349261516 0.4878477690429687 0.30322217984361427 0.43872140966796874 0.30322217984361427 0.43872140966796874 0.39176798349261516
95 0.07421875 0.33970460469157254 0.06103515625 0.11207645525629888