137 0.5055986218776917 0.8626882966396292 0.08613264427217916 0.12514484356894554
110 0.34108527131782945 0.8516801853997682 0.07321274763135228 0.10428736964078796
55 0.5745047372954349 0.5938586326767091 0.04306632213608958 0.05214368482039398
110 0.16752799310938846 0.5643105446118193 0.041343669250646 0.06488991888760139
137 0.09646856158484066 0.5602549246813442 0.04392764857881137 0.06952491309385864
130 0.3867355727820844 0.5550405561993047 0.06373815676141258 0.07647740440324449
55 0.5766580534022394 0.5214368482039398 0.04478897502153316 0.05098493626882966
180 0.8462532299741602 0.9495944380069525 0.1111111111111111 0.10081112398609501
110 0.16580534022394489 0.45886442641946695 0.04220499569336779 0.06025492468134415
137 0.09345391903531439 0.4519119351100811 0.04478897502153316 0.06488991888760139
55 0.5766580534022394 0.44148319814600234 0.04478897502153316 0.04866743916570104
130 0.3863049095607235 0.4391657010428737 0.06718346253229975 0.07068366164542295
102 0.5801033591731266 0.3302433371958285 0.046511627906976744 0.055619930475086905
110 0.16666666666666666 0.2827346465816918 0.040482342807924204 0.06488991888760139
137 0.09431524547803617 0.27983777520278097 0.046511627906976744 0.07415990730011587
130 0.3858742463393626 0.2688296639629201 0.06373815676141258 0.07300115874855156
102 0.5839793281653747 0.24681344148319814 0.040482342807924204 0.0440324449594438
110 0.165374677002584 0.1772885283893395 0.04306632213608958 0.05909617612977984
102 0.5835486649440138 0.1749710312862109 0.041343669250646 0.04519119351100811
137 0.09388458225667529 0.17439165701042875 0.047372954349698536 0.07068366164542295
130 0.3863049095607235 0.16164542294322132 0.06287683031869079 0.07531865585168018