177 0.08571428571428572 0.21496062992125983 0.12995391705069123 0.2377952755905512
137 0.5861751152073733 0.21496062992125983 0.07465437788018434 0.15433070866141732
136 0.37465437788018435 0.21968503937007874 0.06912442396313365 0.15118110236220472
32 0.4751152073732719 0.22283464566929134 0.07096774193548387 0.16377952755905512
180 0.3009216589861751 0.03228346456692913 0.05714285714285714 0.06141732283464567
109 0.07788018433179723 0.462992125984252 0.06267281105990784 0.17165354330708663
3 0.4064516129032258 0.5346456692913386 0.07741935483870968 0.14173228346456693
139 0.17465437788018434 0.5346456692913386 0.07188940092165899 0.11968503937007874
102 0.5552995391705069 0.537007874015748 0.07465437788018434 0.14645669291338584
53 0.7705069124423963 0.5456692913385827 0.07188940092165899 0.13228346456692913
109 0.08110599078341015 0.7220472440944882 0.07188940092165899 0.2062992125984252
95 0.7635944700460829 0.7330708661417323 0.14746543778801843 0.14488188976377953
37 0.4046082949308756 0.7464566929133858 0.07741935483870968 0.13543307086614173