137 0.28304118268215417 0.20043956043956043 0.08225976768743401 0.13576923076923075
137 0.4901795142555438 0.20045787545787547 0.04397043294614572 0.09391941391941393
180 0.19758183738120383 0.03217948717948718 0.03805702217529039 0.06087912087912088
179 0.9200105596620908 0.3687179487179487 0.07696937697993664 0.14785714285714285
74 0.6291763463569167 0.37787545787545784 0.0836219640971489 0.14001831501831502
160 0.8275079197465681 0.3791758241758242 0.060918690601900735 0.11646520146520146
171 0.05656810982048575 0.3844139194139194 0.06073917634635692 0.10600732600732601
160 0.8310242872228089 0.5997619047619048 0.06192185850052798 0.10761904761904761
59 0.2770116156282999 0.605 0.08227032734952482 0.14945054945054945
74 0.6314466737064414 0.6071794871794871 0.07910242872228089 0.13813186813186815
160 0.8292713833157339 0.8046520146520146 0.06142555438225977 0.10923076923076923
74 0.6274234424498416 0.8090109890109891 0.08312565997888068 0.13886446886446885