136 0.41440677966101697 0.2397034596375618 0.10338983050847457 0.07742998352553541
32 0.8305084745762712 0.24464579901153213 0.08305084745762711 0.08237232289950576
59 0.41440677966101697 0.35502471169686983 0.08644067796610169 0.07248764415156507
31 0.06610169491525424 0.3599670510708402 0.08644067796610169 0.09060955518945635
141 0.05423728813559322 0.514003294892916 0.09491525423728814 0.06589785831960461
137 0.8355932203389831 0.5164744645799012 0.08813559322033898 0.08237232289950576
53 0.061016949152542375 0.6630971993410214 0.08813559322033898 0.08896210873146623
55 0.3466101694915254 0.8187808896210873 0.1135593220338983 0.1070840197693575
140 0.06271186440677966 0.8278418451400329 0.09661016949152543 0.07084019769357495
128 0.6703389830508475 0.8336079077429983 0.08135593220338982 0.08237232289950576
128 0.5271186440677966 0.8344316309719935 0.07627118644067797 0.07742998352553541