72 0.483935546875 0.33655102040816326 0.036806640625 0.07787755102040815
36 0.79189453125 0.38542857142857145 0.06189453125 0.12971428571428573
132 0.021943359375 0.047469387755102045 0.043896484375 0.09491836734693877
55 0.466484375 0.5223673469387755 0.05287109375 0.11502040816326531
64 0.382021484375 0.5227142857142857 0.064921875 0.13387755102040816
55 0.52615234375 0.5234897959183673 0.048505859375 0.13089795918367347
48 0.845595703125 0.573734693877551 0.052109375 0.11342857142857142
1 0.229873046875 0.6272857142857143 0.0584765625 0.12871428571428573
55 0.49197265625 0.7076734693877551 0.07130859375 0.1523061224489796
55 0.38060546875 0.7118571428571429 0.06451171875 0.13969387755102042
102 0.8502734375 0.7973061224489796 0.0492578125 0.09120408163265306
75 0.613701171875 0.11893877551020408 0.06685546875 0.1426326530612245
73 0.46216796875 0.12106122448979592 0.054306640625 0.1213673469387755
134 0.307373046875 0.1223265306122449 0.054775390625 0.11881632653061225
28 0.085458984375 0.19118367346938778 0.062607421875 0.13408163265306122
14 0.732080078125 0.24071428571428571 0.041572265625 0.08279591836734694