61 0.15364535768645357 0.15386138613861386 0.05862252663622527 0.07952475247524751
61 0.29423135464231354 0.15574257425742574 0.05711567732115677 0.07763366336633663
61 0.4358980213089802 0.15645544554455446 0.05777777777777778 0.07621782178217822
95 0.8577625570776255 0.2197128712871287 0.07058599695585997 0.06846534653465347
137 0.15269406392694063 0.25534653465346535 0.048569254185692544 0.06844554455445544
32 0.2956773211567732 0.2559009900990099 0.0578386605783866 0.07994059405940594
59 0.28964992389649924 0.4005148514851485 0.05459665144596651 0.07363366336633664
148 0.9062100456621005 0.45329702970297026 0.048751902587519026 0.09207920792079208
148 0.7791476407914764 0.45693069306930695 0.047283105022831055 0.08745544554455445
148 0.8430593607305936 0.45693069306930695 0.04726027397260274 0.08745544554455445
55 0.46439878234398785 0.5225841584158415 0.054010654490106544 0.08015841584158415
55 0.11946727549467274 0.5235742574257425 0.05821917808219178 0.07817821782178218
55 0.20417808219178082 0.5235742574257425 0.0571689497716895 0.07817821782178218
55 0.3794292237442922 0.5235742574257425 0.0576027397260274 0.07817821782178218
148 0.7791476407914764 0.5786732673267327 0.05337138508371385 0.08144554455445545
148 0.9062100456621005 0.5809801980198019 0.054840182648401826 0.09001980198019802
148 0.8420395738203957 0.5823069306930693 0.05131659056316591 0.08474257425742575
174 0.7012785388127855 0.6357524752475248 0.05898782343987824 0.08074257425742574
174 0.5465677321156773 0.6374059405940594 0.05398021308980214 0.07216831683168316
137 0.2952283105022831 0.6974554455445544 0.047488584474885846 0.07344554455445546
55 0.1643607305936073 0.6981089108910892 0.05971841704718417 0.07477227722772277
55 0.42533485540334853 0.7000891089108912 0.06113394216133942 0.07872277227722772
171 0.5704109589041095 0.07388118811881189 0.06512937595129376 0.0857128712871287
128 0.4233942161339422 0.8298514851485148 0.05017503805175039 0.07366336633663367
128 0.16560882800608828 0.8319702970297029 0.045578386605783866 0.06941584158415842
128 0.9082420091324201 0.8331287128712872 0.049961948249619484 0.07659405940594059
128 0.842724505327245 0.8345049504950496 0.055905631659056314 0.07604950495049505
128 0.7778386605783867 0.8353267326732673 0.05043378995433789 0.081
50 0.6268873668188737 0.8479801980198021 0.06358447488584475 0.09860396039603961
180 0.049809741248097415 0.36026732673267325 0.05284627092846271 0.048584158415841586