109 0.9515625 0.8623376623376623 0.0609375 0.12987012987012986
109 0.95078125 0.6974025974025974 0.0671875 0.12987012987012986
109 0.95078125 0.32857142857142857 0.0578125 0.14025974025974025
109 0.95234375 0.16233766233766234 0.053125 0.12727272727272726
50 0.853125 0.8649350649350649 0.06875 0.12987012987012986
50 0.853125 0.6987012987012987 0.0671875 0.12207792207792208
50 0.85390625 0.32857142857142857 0.0703125 0.12727272727272726
50 0.853125 0.16363636363636364 0.071875 0.12727272727272726
174 0.74609375 0.8662337662337662 0.075 0.12727272727272726
174 0.7453125 0.6961038961038961 0.0734375 0.12207792207792208
174 0.7453125 0.32987012987012987 0.0765625 0.12727272727272726
174 0.74609375 0.16233766233766234 0.06875 0.12467532467532468
50 0.6453125 0.8688311688311688 0.0671875 0.13506493506493505
50 0.646875 0.32857142857142857 0.06875 0.13506493506493505
50 0.64453125 0.15974025974025974 0.071875 0.11948051948051948
50 0.64453125 0.6935064935064935 0.0703125 0.11948051948051948
55 0.52734375 0.7831168831168831 0.071875 0.12727272727272726
55 0.5296875 0.24805194805194805 0.0703125 0.13246753246753246
148 0.434375 0.787012987012987 0.05625 0.12987012987012986
148 0.434375 0.24545454545454545 0.0640625 0.11688311688311688
95 0.2375 0.5038961038961038 0.0625 0.10909090909090909
180 0.14921875 0.6454545454545455 0.053125 0.1012987012987013
180 0.14296875 0.4766233766233766 0.06875 0.10909090909090909
180 0.0609375 0.5662337662337662 0.0640625 0.10909090909090909