109 0.9133478260869565 0.2853975903614458 0.04592753623188406 0.09527710843373494
141 0.7766666666666666 0.2858072289156626 0.05660869565217392 0.08163855421686747
89 0.10385507246376811 0.3203132530120482 0.061724637681159426 0.11212048192771085
142 0.2702463768115942 0.32113253012048193 0.0553768115942029 0.11373493975903615
180 0.11230434782608695 0.04371084337349398 0.08731884057971015 0.08739759036144579
68 0.9176956521739131 0.44799999999999995 0.06042028985507246 0.08795180722891566
140 0.782463768115942 0.4628433734939759 0.050811594202898554 0.09356626506024096
137 0.2692753623188406 0.5053975903614458 0.053449275362318846 0.11120481927710843
142 0.781 0.6318795180722891 0.059507246376811596 0.09908433734939759
98 0.09975362318840579 0.6720240963855422 0.06220289855072464 0.11190361445783131
37 0.18595652173913044 0.674433734939759 0.057826086956521736 0.10708433734939758
3 0.2673478260869565 0.674433734939759 0.06117391304347826 0.10708433734939758
53 0.457406 0.719398 0.055783 0.100627
100 0.6399710144927536 0.7201927710843373 0.06149275362318841 0.09260240963855422
102 0.7160434782608696 0.7218072289156626 0.05421739130434782 0.09580722891566265
137 0.38447826086956527 0.7226024096385542 0.05484057971014493 0.09742168674698795
53 0.5385507246376812 0.7230120481927711 0.05573913043478261 0.09339759036144578
180 0.8107101449275362 0.9386024096385541 0.10440579710144929 0.11493975903614459
177 0.9167246376811594 0.09910843373493977 0.04689855072463768 0.08898795180722892
109 0.9536811594202897 0.10592771084337349 0.03673913043478261 0.07853012048192771
59 0.6643623188405797 0.11074698795180724 0.05520289855072464 0.09780722891566265
136 0.7805217391304347 0.11236144578313254 0.05273913043478261 0.10101204819277108
105 0.49604347826086953 0.11395180722891567 0.057695652173913044 0.10421686746987951
28 0.19659420289855073 0.1476867469879518 0.06168115942028986 0.11383132530120482
27 0.10047826086956521 0.15409638554216867 0.06655072463768116 0.10742168674698795
