53 0.8307746478873239 0.33944444444444444 0.07958752515090543 0.17306666666666665
102 0.4435311871227364 0.3732888888888889 0.07256539235412475 0.15188888888888888
102 0.6782193158953722 0.38439999999999996 0.07629778672032193 0.15504444444444443
3 0.2833199195171026 0.3896888888888889 0.07694164989939638 0.1529333333333333
88 0.5536921529175051 0.5266888888888889 0.06293762575452716 0.1412
137 0.8243058350100604 0.6028666666666667 0.06378269617706238 0.14115555555555556
137 0.6763078470824949 0.6129111111111111 0.07820925553319918 0.1676
37 0.2897887323943662 0.6578666666666667 0.06975855130784708 0.14959999999999998
179 0.44042253521126756 0.7578222222222222 0.08070422535211268 0.17808888888888888
27 0.6245774647887324 0.7975111111111111 0.07248490945674044 0.14951111111111112
180 0.2732595573440644 0.12682222222222223 0.05683098591549296 0.14146666666666666