128 0.0954861111111111 0.5867346938775511 0.08333333333333333 0.13520408163265307
55 0.3446180555555556 0.5867346938775511 0.09027777777777778 0.13010204081632654
59 0.5789930555555556 0.5841836734693877 0.0763888888888889 0.12755102040816327
32 0.7769097222222222 0.5816326530612245 0.08333333333333333 0.1096938775510204
171 0.9470486111111112 0.38392857142857145 0.08333333333333333 0.12755102040816327
141 0.08333333333333333 0.24489795918367346 0.09375 0.13010204081632654
176 0.7751736111111112 0.2423469387755102 0.0625 0.10459183673469388
102 0.3090277777777778 0.24107142857142858 0.07118055555555555 0.1096938775510204
3 0.5876736111111112 0.23979591836734693 0.07291666666666667 0.1096938775510204
137 0.5798611111111112 0.8545918367346939 0.08159722222222222 0.12755102040816327
163 0.4314236111111111 0.8533163265306123 0.05555555555555555 0.10714285714285714
171 0.9487847222222222 0.7869897959183674 0.08680555555555555 0.13520408163265307