102 0.321301775147929 0.3336363636363636 0.06627218934911243 0.10727272727272727
37 0.6059171597633136 0.3372727272727273 0.11124260355029586 0.16727272727272727
180 0.16923076923076924 0.04818181818181818 0.04970414201183432 0.07818181818181819
102 0.5295857988165681 0.6072727272727273 0.06627218934911243 0.09272727272727273
3 0.3242603550295858 0.6690909090909091 0.10650887573964497 0.1709090909090909
144 0.8899408284023669 0.6881818181818182 0.10887573964497041 0.17272727272727273
57 0.709905 0.689182 0.052568 0.102164
102 0.5307692307692308 0.7509090909090909 0.05917159763313609 0.09636363636363636
3 0.36627218934911243 0.8463636363636363 0.06153846153846154 0.1
3 0.2846153846153846 0.8472727272727273 0.06745562130177515 0.09636363636363636
