123 0.4458865248226951 0.21522954091816368 0.019161831076724693 0.06285429141716567
123 0.3552353320438427 0.22271457085828342 0.020006447453255964 0.05786427145708582
57 0.2783365570599613 0.2636427145708583 0.32871695680206314 0.2636427145708583 0.32871695680206314 0.43783433133732536 0.2783365570599613 0.43783433133732536
59 0.4246615087040619 0.3519760479041916 0.05086395873629916 0.17169660678642715
176 0.13431979368149582 0.35447105788423156 0.05367504835589942 0.16670658682634729
50 0.6454416505480336 0.356127744510978 0.05399742101869762 0.17001996007984033
3 0.21301740812379108 0.35738522954091817 0.053101225016118636 0.16752495009980042
180 0.08544165054803353 0.04395209580838323 0.020386847195357834 0.05964071856287425
27 0.5165183752417795 0.7531337325349301 0.05082527401676338 0.16063872255489023
179 0.28365570599613155 0.7552095808383233 0.04931012250161187 0.1598003992015968
28 0.43836234687298514 0.75562874251497 0.05246937459703417 0.16560878243512975
86 0.36288845905867184 0.75812375249501 0.04981302385557705 0.1606187624750499
132 0.10558349451966473 0.09884231536926148 0.018768536428110896 0.059600798403193614
171 0.031166989039329466 0.3540518962075848 0.05295938104448743 0.18469061876247506