158 0.4315558343789209 0.10468390804597702 0.05667503136762861 0.047164750957854405
27 0.32659974905897116 0.10564176245210728 0.057553324968632365 0.045249042145593873
135 0.7694228356336261 0.15128352490421457 0.0448306148055207 0.033093869731800764
32 0.875633626097867 0.152404214559387 0.04144291091593476 0.033409961685823754
87 0.325771643663739 0.18336206896551724 0.06090338770388958 0.045526819923371646
151 0.10498117942283564 0.18448275862068966 0.06100376411543287 0.045842911877394636
39 0.21934755332496864 0.1852777777777778 0.061367628607277284 0.04551724137931035
176 0.875207026348808 0.20794061302681993 0.04562107904642409 0.03338122605363985
150 0.77267252195734 0.20945402298850574 0.04865746549560853 0.03577586206896552
96 0.5455081555834379 0.22453065134099617 0.02976160602258469 0.021657088122605365
78 0.6779171894604767 0.24347701149425288 0.030263488080301132 0.02121647509578544
22 0.7694228356336261 0.263955938697318 0.0448306148055207 0.03238505747126437
96 0.5448055207026349 0.3079501915708812 0.030037641154328734 0.02245210727969349
39 0.27538268506900876 0.32619731800766283 0.0379297365119197 0.03043103448275862
71 0.3680050188205772 0.3265804597701149 0.03887076537013802 0.031082375478927206
78 0.6772271016311167 0.32741379310344826 0.02718946047678796 0.02435823754789272
147 0.8951066499372647 0.36073754789272033 0.028005018820577165 0.024588122605363985
86 0.8145420326223338 0.36137931034482756 0.029711417816813048 0.024157088122605364
147 0.17948557089084066 0.37977969348659 0.04243412797992472 0.032116858237547896
102 0.3680050188205772 0.3801724137931034 0.03887076537013802 0.031321839080459775
86 0.0901003764115433 0.3801724137931034 0.03725219573400251 0.028122605363984674
76 0.27601003764115434 0.3804406130268199 0.043099121706399 0.031848659003831416
39 0.8153826850690088 0.40531609195402296 0.03249686323713927 0.023065134099616857
87 0.894969 0.405642 0.029398 0.022433
125 0.5600752823086574 0.40834291187739463 0.01722710163111669 0.012078544061302682
115 0.5971016311166876 0.4325287356321839 0.04495608531994981 0.03589080459770115
87 0.09090338770388959 0.43733716475095785 0.03245922208281054 0.023409961685823755
98 0.36848180677540776 0.43884099616858235 0.03749058971141782 0.029367816091954022
106 0.17887076537013802 0.4392145593869732 0.03854454203262233 0.03158045977011494
49 0.27633626097867003 0.4392145593869732 0.04042659974905897 0.03158045977011494
71 0.8152446675031367 0.4473467432950191 0.03053952321204517 0.024109195402298854
118 0.8948306148055206 0.4473467432950191 0.030790464240903388 0.024109195402298854
137 0.26293601003764117 0.5277777777777778 0.03909661229611042 0.029454022988505746
4 0.7002383939774154 0.5789463601532566 0.05267252195734002 0.03960727969348659
158 0.5854328732747804 0.5798467432950192 0.04732747804265997 0.04020114942528735
39 0.24568381430363864 0.6176532567049808 0.03283563362609787 0.026015325670498083
106 0.18819322459222085 0.6177490421455938 0.030765370138017566 0.0250095785440613
118 0.40144291091593476 0.6181513409961686 0.03381430363864492 0.023419540229885058
86 0.13696361355081554 0.6187452107279694 0.031831869510664995 0.024616858237547893
71 0.29429109159347555 0.6189463601532567 0.029673776662484313 0.02261494252873563
147 0.07933500627352572 0.619051724137931 0.0279297365119197 0.021618773946360154
87 0.3496988707653701 0.6221360153256705 0.03070263488080301 0.031398467432950196
71 0.7284692597239649 0.6421934865900384 0.03383939774153074 0.027193486590038316
86 0.6184943538268507 0.6422892720306513 0.030326223337515685 0.023802681992337166
118 0.8332622333751568 0.6423850574712644 0.033274780426599745 0.025201149425287356
39 0.6718820577164366 0.6430842911877395 0.03203262233375157 0.02779693486590038
87 0.7828230865746549 0.6430842911877395 0.03590966122961104 0.02540229885057471
147 0.5616436637390213 0.6436877394636015 0.03426599749058971 0.026590038314176247
147 0.5064993726474278 0.7274521072796936 0.030627352572145546 0.02530651340996169
137 0.31833124215809283 0.7293486590038315 0.03070263488080301 0.02790229885057471
145 0.24163111668757845 0.7360249042145594 0.051380175658720204 0.037672413793103446
98 0.4027478042659975 0.7368295019157088 0.0489585947302384 0.039262452107279695
86 0.5072898368883313 0.7654501915708812 0.03219573400250941 0.025881226053639846
1 0.22176913425345043 0.7995689655172413 0.03361355081555834 0.027059386973180076
0 0.40209535759096615 0.8001628352490422 0.04922208281053952 0.037825670498084295
39 0.5063739021329987 0.8020593869731801 0.03193224592220828 0.02366858237547893
57 0.298105 0.802165 0.031029 0.025077
123 0.07202007528230865 0.8263026819923371 0.02271016311166876 0.015871647509578545
106 0.5066373902132999 0.8358716475095785 0.03245922208281054 0.025440613026819922
55 0.11762860727728984 0.8475478927203065 0.04646173149309912 0.03081417624521073
93 0.22281053952321206 0.8490421455938697 0.048255959849435384 0.03740421455938697
57 0.299548 0.850144 0.032334 0.024052
30 0.4017063989962359 0.8657950191570881 0.05001254705144291 0.037394636015325666
87 0.5074153074027604 0.8679980842911877 0.030890840652446676 0.022624521072796937
123 0.07124215809284819 0.8896360153256705 0.024278544542032623 0.019224137931034484
57 0.300326 0.895632 0.030765 0.021628
143 0.22360100376411543 0.9069923371647509 0.04668757841907152 0.0371647509578544
11 0.11806775407779171 0.9118295019157089 0.04819322459222082 0.03468390804597701
71 0.5066373902132999 0.91227969348659 0.03559598494353827 0.02738505747126437
37 0.4015683814303639 0.9225574712643678 0.04504391468005019 0.037155172413793104
78 0.31235884567126726 0.94022030651341 0.03286072772898369 0.02578544061302682
118 0.5041530740276036 0.9505842911877395 0.03219573400250941 0.024971264367816094
88 0.22440401505646174 0.09545019157088123 0.04647427854454203 0.0242816091954023
88 0.15976160602258468 0.31923371647509574 0.02895859473023839 0.015574712643678162
88 0.163185 0.506737 0.035815 0.017886
88 0.6668255959849436 0.5155938697318008 0.03933500627352572 0.01993295019157088
88 0.6445796737766625 0.14191570881226054 0.033626097867001256 0.017950191570881225
78 0.3359723964868256 0.565191570881226 0.034240903387703886 0.025660919540229886
88 0.17444165621079047 0.7253544061302681 0.03933500627352572 0.017356321839080462
