171 0.07138117283950618 0.17606673407482304 0.053317901234567894 0.059757330637007076
125 0.36151234567901236 0.17856420626895853 0.02115740740740741 0.03743174924165824
125 0.4448996913580247 0.182901921132457 0.020385802469135805 0.034539939332659246
64 0.6144907407407407 0.20679474216380184 0.030362654320987656 0.037785642062689584
52 0.5480555555555555 0.22914054600606673 0.02210648148148148 0.029858442871587464
37 0.2496141975308642 0.23776541961577352 0.052924382716049385 0.0542366026289181
55 0.7150925925925926 0.25124368048533874 0.0426929012345679 0.061445904954499496
128 0.8354938271604938 0.2518705763397371 0.040262345679012344 0.06222446916076845
112 0.3942052469135802 0.2541354903943377 0.03804012345679012 0.061445904954499496
52 0.5874845679012346 0.28266936299292217 0.022091049382716048 0.024580384226491406
136 0.0722145061728395 0.39877654196157736 0.037800925925925925 0.06184024266936299
74 0.5834413580246913 0.3988473205257836 0.04735339506172839 0.04777553083923155
96 0.28898919753086416 0.3988675429726997 0.03715277777777778 0.055399393326592515
3 0.24141975308641975 0.39971688574317493 0.030748456790123457 0.0419211324570273
32 0.15816358024691357 0.4020222446916077 0.041712962962962966 0.06930232558139536
28 0.9487962962962964 0.4135995955510617 0.04503858024691358 0.06212335692618807
180 0.16993055555555556 0.04211324570273003 0.04364197530864198 0.047623862487360974
125 0.44049382716049384 0.48253791708796767 0.02039351851851852 0.03002022244691608
125 0.36040895061728395 0.4832558139534884 0.0233641975308642 0.03434782608695652
52 0.5487731481481481 0.49681496461071795 0.02182098765432099 0.02594539939332659
55 0.7147222222222221 0.5155005055611729 0.04195987654320988 0.05839231547017189
128 0.8399922839506173 0.5199494438827098 0.0376929012345679 0.0548938321536906
112 0.3949382716049383 0.5458240647118302 0.04391975308641975 0.0612639029322548
52 0.5886342592592593 0.5537209302325581 0.020941358024691357 0.022912032355915067
137 0.21144290123456788 0.5759150657229525 0.03407407407407407 0.04632962588473205
137 0.5811882716049382 0.07370070778564207 0.038996913580246914 0.05472194135490394
3 0.31942129629629634 0.7422345803842265 0.030501543209876546 0.05709807886754297
100 0.4028317901234568 0.7424469160768453 0.0372145061728395 0.06005055611729019
137 0.5084490740740741 0.7451263902932255 0.028441358024691357 0.052537917087967644
34 0.8153935185185185 0.7477047522750253 0.042499999999999996 0.05288169868554095
63 0.5829398148148148 0.7503640040444894 0.03699845679012346 0.056703741152679475
33 0.697908950617284 0.7506572295247724 0.044807098765432096 0.058776541961577354
36 0.6270293209876543 0.8311021233569262 0.04386574074074074 0.07304347826086956
102 0.4027932098765432 0.8813953488372094 0.035069444444444445 0.04464105156723963
171 0.8904475308641975 0.8837411526794742 0.05179012345679013 0.06206268958543984
1 0.47898148148148145 0.40225480283114257 0.03132716049382716 0.04701718907987867
42 0.6128858024691358 0.5633670374115267 0.025223765432098765 0.02797775530839232
42 0.5730709876543211 0.5049039433771486 0.024120370370370372 0.02415571284125379