102 0.5962777380100215 0.18444055944055945 0.03435934144595562 0.08566433566433566
102 0.6012884753042234 0.34965034965034963 0.03435934144595562 0.08566433566433566
102 0.5966356478167502 0.5332167832167832 0.03507516105941303 0.08391608391608392
102 0.6002147458840372 0.6975524475524476 0.03650680028632784 0.08216783216783216
102 0.7032927702219041 0.18269230769230768 0.03579098067287044 0.08216783216783216
102 0.7018611309949893 0.3487762237762238 0.03221188260558339 0.08041958041958042
102 0.7018611309949893 0.5305944055944056 0.03221188260558339 0.07867132867132867
102 0.7004294917680745 0.6940559440559441 0.03364352183249821 0.08216783216783216
3 0.40837508947745166 0.25874125874125875 0.05511811023622047 0.1381118881118881
32 0.24158911954187545 0.26136363636363635 0.05511811023622047 0.1346153846153846
137 0.2383679312813171 0.6555944055944056 0.06084466714387974 0.1486013986013986
180 0.15354330708661418 0.06905594405594405 0.026485325697924122 0.06468531468531469
53 0.895848246241947 0.30157342657342656 0.052254831782390834 0.11013986013986014
53 0.9005010737294202 0.6503496503496503 0.05153901216893343 0.11013986013986014
171 0.07516105941302792 0.5734265734265734 0.049391553328561204 0.12412587412587413