15 0.2236842105263158 0.19204737732656516 0.03654970760233918 0.050761421319796954
125 0.6337719298245614 0.24111675126903553 0.0445906432748538 0.04991539763113367
123 0.24890350877192982 0.24153976311336717 0.03728070175438596 0.050761421319796954
59 0.28269736842105264 0.3765016920473773 0.35024122807017544 0.3765016920473773 0.35024122807017544 0.2955456852791878 0.28269736842105264 0.2955456852791878 0.28269736842105264 0.3765016920473773
112 0.7390350877192983 0.33671742808798644 0.06798245614035088 0.08206429780033841
55 0.47441520467836257 0.3396785109983079 0.07602339181286549 0.10490693739424704
137 0.3958333333333333 0.04949238578680203 0.06871345029239766 0.07952622673434856
95 0.9347404970760234 0.5433417935702199 0.9961659356725147 0.5433417935702199 0.9961659356725147 0.4681302876480542 0.9347404970760234 0.4681302876480542 0.9347404970760234 0.5433417935702199
59 0.053165204678362575 0.5478553299492386 0.12323830409356726 0.5478553299492386 0.12323830409356726 0.4647504230118444 0.053165204678362575 0.4647504230118444 0.053165204678362575 0.5478553299492386
28 0.4976059941520468 0.09173011844331641 0.569952485380117 0.09173011844331641 0.569952485380117 0.011281725888324873 0.4976059941520468 0.011281725888324873 0.4976059941520468 0.09173011844331641
63 0.6750730994152047 0.05203045685279188 0.06578947368421052 0.07445008460236886
15 0.2236842105263158 0.5452622673434856 0.03654970760233918 0.04568527918781726
123 0.2496345029239766 0.5964467005076142 0.041666666666666664 0.047377326565143825
125 0.633406432748538 0.5972927241962775 0.043859649122807015 0.05245346869712352
136 0.08881578947368421 0.6658206429780034 0.06505847953216375 0.07698815566835872
112 0.7390350877192983 0.6928934010152284 0.062134502923976605 0.07698815566835872
64 0.4725877192982456 0.6950084602368867 0.06725146198830409 0.09813874788494077
59 0.2812390350877193 0.7327326565143825 0.34829312865497075 0.7327326565143825 0.34829312865497075 0.6576395939086295 0.2812390350877193 0.6576395939086295 0.2812390350877193 0.7327326565143825