171 0.03515625 0.2830578512396694 0.0703125 0.1184573002754821
171 0.037109375 0.6866391184573003 0.0732421875 0.11432506887052342
34 0.2529296875 0.2865013774104683 0.0751953125 0.11019283746556474
34 0.251953125 0.6866391184573003 0.076171875 0.10330578512396695
36 0.39013671875 0.1012396694214876 0.0791015625 0.10881542699724518
33 0.392578125 0.2878787878787879 0.072265625 0.10881542699724518
33 0.53369140625 0.2858126721763085 0.076171875 0.10881542699724518
33 0.39453125 0.6845730027548209 0.0732421875 0.1115702479338843
33 0.54345703125 0.6825068870523416 0.0732421875 0.10743801652892562
33 0.6904296875 0.6852617079889807 0.07421875 0.1046831955922865
36 0.490234375 0.8884297520661157 0.078125 0.11294765840220386
88 0.94091796875 0.3608815426997245 0.064453125 0.06887052341597796
88 0.9462890625 0.8911845730027548 0.072265625 0.07575757575757576
34 0.8662109375 0.6845730027548209 0.07421875 0.1115702479338843
137 0.78759765625 0.22727272727272727 0.0537109375 0.081267217630854
88 0.8583984375 0.22865013774104684 0.0498046875 0.05785123966942149
102 0.78662109375 0.0640495867768595 0.0576171875 0.08264462809917356
31 0.8583984375 0.06336088154269973 0.0498046875 0.081267217630854
55 0.85791015625 0.14600550964187328 0.0595703125 0.07300275482093664
141 0.93359375 0.1453168044077135 0.0498046875 0.07162534435261708
27 0.93310546875 0.06336088154269973 0.0517578125 0.07300275482093664
98 0.78759765625 0.14738292011019283 0.0537109375 0.07162534435261708