171 0.053187702265372165 0.5044035346097202 0.05236245954692557 0.08447717231222386
3 0.23845469255663432 0.3168483063328424 0.07154530744336571 0.12596465390279823
37 0.3056715210355987 0.10337260677466863 0.06496763754045307 0.12399116347569955
102 0.41140776699029125 0.31755522827687777 0.06607605177993528 0.11893961708394699
53 0.5855097087378641 0.323519882179676 0.06292071197411003 0.10982326951399116
53 0.5818527508090614 0.12755522827687776 0.06254045307443365 0.11765832106038292
102 0.7097330097087379 0.12755522827687776 0.06402912621359223 0.12606774668630338
141 0.8395469255663431 0.12686303387334316 0.0647411003236246 0.11625920471281295
137 0.6007281553398058 0.5909867452135493 0.06792880258899676 0.11877761413843889
79 0.41063915857605177 0.5860824742268042 0.0645388349514563 0.1257879234167894
55 0.6072734627831715 0.8349631811487482 0.06715210355987054 0.11863033873343151
28 0.889425566343042 0.8377761413843888 0.06973300970873786 0.11583210603829161
171 0.9345307443365696 0.4732253313696613 0.04666666666666667 0.08522827687776141