102 0.591796875 0.8614457831325302 0.07890625 0.09200438116100766
87 0.159765625 0.8461117196056955 0.07265625 0.06790799561883899
139 0.0859375 0.6626506024096386 0.0640625 0.09967141292442497
139 0.248046875 0.6621029572836802 0.0703125 0.0963855421686747
139 0.166015625 0.6588170865279299 0.06796875 0.0963855421686747
171 0.93359375 0.6582694414019715 0.07734375 0.09748083242059145
3 0.594921875 0.6571741511500547 0.06640625 0.09090909090909091
102 0.59375 0.4644030668127054 0.07734375 0.0832420591456736
36 0.743359375 0.38061336254107336 0.06640625 0.11171960569550932
81 0.9078125 0.3795180722891566 0.08125 0.11391018619934283
102 0.41328125 0.14403066812705367 0.07890625 0.10295728368017525
28 0.594921875 0.14074479737130338 0.0671875 0.08762322015334063