171 0.05299352750809062 0.5044182621502209 0.052588996763754045 0.08394698085419734
3 0.23826860841423947 0.3166421207658321 0.07119741100323625 0.12665684830633284
37 0.3058252427184466 0.10309278350515463 0.06472491909385113 0.12371134020618557
102 0.41140776699029125 0.3173784977908689 0.06634304207119741 0.11929307805596466
53 0.5853559870550162 0.3232695139911635 0.06310679611650485 0.11045655375552282
53 0.5817152103559871 0.12739322533136965 0.06229773462783172 0.11782032400589101
102 0.709546925566343 0.12739322533136965 0.063915857605178 0.12665684830633284
141 0.8394012944983819 0.12665684830633284 0.06472491909385113 0.11634756995581738
137 0.6007281553398058 0.5913107511045655 0.06796116504854369 0.11929307805596466
79 0.41059870550161814 0.5861561119293078 0.06472491909385113 0.1251840942562592
55 0.607200647249191 0.8350515463917526 0.06715210355987054 0.11929307805596466
28 0.8895631067961165 0.8379970544918999 0.06957928802588997 0.11634756995581738
171 0.9344660194174758 0.4734904270986745 0.04692556634304207 0.08541973490427099