109 0.12696747114375656 0.2773826458036984 0.05036726128016789 0.10099573257467995
100 0.6484784889821616 0.32930298719772405 0.08604407135362015 0.11948790896159317
142 0.9564533053515215 0.3385490753911807 0.07869884575026233 0.12802275960170698
136 0.22717733473242394 0.33926031294452347 0.06820566631689402 0.11948790896159317
55 0.5083945435466947 0.3399715504978663 0.0776495278069255 0.11806543385490754
59 0.3478488982161595 0.3406827880512091 0.07240293809024134 0.10384068278805121
137 0.04564533053515215 0.43243243243243246 0.07240293809024134 0.10384068278805121
137 0.8142707240293809 0.5803698435277382 0.06715634837355719 0.10526315789473684
55 0.5104931794333684 0.5817923186344239 0.07555089192025184 0.10810810810810811
137 0.5115424973767051 0.7688477951635846 0.07030430220356768 0.09815078236130868
131 0.9554039874081847 0.7852062588904695 0.08394543546694648 0.12233285917496443
53 0.08499475341028331 0.8563300142247511 0.0776495278069255 0.1166429587482219
3 0.30640083945435465 0.8591749644381224 0.07345225603357818 0.1166429587482219
102 0.19779643231899266 0.8620199146514936 0.07660020986358866 0.11379800853485064
130 0.8179433368310598 0.10881934566145092 0.07869884575026233 0.1337126600284495
55 0.8132214060860441 0.3435277382645804 0.08394543546694648 0.11379800853485064