180 0.8716814159292036 0.9552590266875981 0.03982300884955752 0.07535321821036106
89 0.8030973451327433 0.8124018838304553 0.0831858407079646 0.14599686028257458
55 0.9570796460176991 0.814756671899529 0.05221238938053097 0.10518053375196232
102 0.8017699115044248 0.5259026687598116 0.061946902654867256 0.10204081632653061
102 0.4358407079646018 0.814756671899529 0.05663716814159292 0.10047095761381476
102 0.4345132743362832 0.5306122448979592 0.0584070796460177 0.10204081632653061
53 0.6115044247787611 0.814756671899529 0.08230088495575222 0.14756671899529042
3 0.30398230088495576 0.6640502354788069 0.084070796460177 0.14913657770800628
37 0.3053097345132743 0.18681318681318682 0.08141592920353982 0.152276295133438
6 0.16283185840707964 0.18681318681318682 0.0831858407079646 0.152276295133438
34 0.16858407079646018 0.44191522762951335 0.0831858407079646 0.1554160125588697
89 0.6115044247787611 0.5282574568288854 0.0920353982300885 0.1664050235478807
89 0.6119469026548673 0.1978021978021978 0.08849557522123894 0.16326530612244897