29 0.9187562688064193 0.14412136536030343 0.06519558676028084 0.07711757269279393
102 0.5165496489468405 0.20037926675094817 0.058174523570712136 0.07079646017699115
138 0.917753259779338 0.2427307206068268 0.05315947843530592 0.06700379266750948
102 0.2708124373119358 0.3211125158027813 0.05315947843530592 0.06573957016434892
180 0.027582748244734202 0.03286978508217446 0.05416248746238716 0.06573957016434892
179 0.9167502507522568 0.34892541087231355 0.058174523570712136 0.07711757269279393
28 0.9172517552657974 0.04108723135271808 0.05717151454363089 0.0695322376738306
53 0.5175526579739218 0.42288242730720604 0.05416248746238716 0.07332490518331226
102 0.2708124373119358 0.4329962073324905 0.05315947843530592 0.0695322376738306
102 0.7372116349047142 0.4336283185840708 0.05416248746238716 0.07079646017699115
3 0.07472417251755266 0.43489254108723135 0.05917753259779338 0.07585335018963338
102 0.2713139418254764 0.5733249051833123 0.05416248746238716 0.07585335018963338
102 0.2703109327983952 0.6738305941845765 0.05215646940822467 0.0695322376738306
31 0.7372116349047142 0.7597977243994943 0.06118355065195587 0.07838179519595449
102 0.2708124373119358 0.7762326169405815 0.05315947843530592 0.0695322376738306
37 0.06519558676028084 0.8786346396965866 0.06018054162487462 0.07838179519595449
119 0.3901705115346038 0.9209860935524652 0.062186559679037114 0.07838179519595449
102 0.2768304914744233 0.09292035398230089 0.048144433299899696 0.06700379266750948
137 0.7392176529588766 0.09608091024020228 0.058174523570712136 0.07711757269279393