171 0.07137345679012345 0.17593528816986856 0.05324074074074074 0.05965621840242669
125 0.36149691358024694 0.17846309403437816 0.020833333333333332 0.03741152679474216
125 0.44483024691358025 0.18301314459049545 0.020061728395061727 0.034378159757330634
64 0.6145833333333334 0.20677451971688574 0.03009259259259259 0.03741152679474216
52 0.5482253086419753 0.22901921132457026 0.022376543209876542 0.030333670374115267
37 0.2496141975308642 0.23761375126390294 0.05324074074074074 0.054600606673407485
55 0.7152777777777778 0.2512639029322548 0.04243827160493827 0.06167846309403438
128 0.8356481481481481 0.2517694641051567 0.040123456790123455 0.06268958543983821
112 0.3942901234567901 0.25429726996966634 0.03780864197530864 0.06167846309403438
52 0.5875771604938271 0.2826086956521739 0.022376543209876542 0.024266936299292215
136 0.07214506172839506 0.3988877654196158 0.03780864197530864 0.06167846309403438
74 0.5833333333333334 0.3988877654196158 0.0470679012345679 0.047522750252780584
96 0.28896604938271603 0.3988877654196158 0.037037037037037035 0.055611729019211326
3 0.24151234567901234 0.3998988877654196 0.030864197530864196 0.041456016177957536
32 0.15817901234567902 0.4019211324570273 0.041666666666666664 0.06976744186046512
28 0.9486882716049383 0.41354903943377147 0.044753086419753084 0.06167846309403438
180 0.1697530864197531 0.04196157735085945 0.04398148148148148 0.047522750252780584
125 0.44058641975308643 0.48230535894843274 0.020061728395061727 0.030333670374115267
125 0.3603395061728395 0.4833164812942366 0.023148148148148147 0.034378159757330634
52 0.5486111111111112 0.4969666329625885 0.021604938271604937 0.0262891809908999
55 0.714891975308642 0.5156723963599595 0.041666666666666664 0.05864509605662285
128 0.839891975308642 0.5197168857431749 0.03780864197530864 0.054600606673407485
112 0.3950617283950617 0.5460060667340748 0.04398148148148148 0.06167846309403438
52 0.5887345679012346 0.5535894843276037 0.020833333333333332 0.023255813953488372
137 0.21141975308641975 0.5758341759352882 0.033950617283950615 0.046511627906976744
137 0.5810185185185185 0.07381193124368049 0.03935185185185185 0.054600606673407485
3 0.3194444444444444 0.7421638018200202 0.030864197530864196 0.056622851365015166
100 0.4027777777777778 0.7426693629929222 0.037037037037037035 0.05965621840242669
137 0.5084876543209876 0.7451971688574317 0.02854938271604938 0.0525783619817998
34 0.8155864197530864 0.7477249747219413 0.04243827160493827 0.0525783619817998
63 0.5829475308641975 0.750252780586451 0.037037037037037035 0.056622851365015166
33 0.6979166666666666 0.7507583417593529 0.044753086419753084 0.05864509605662285
36 0.626929012345679 0.8311425682507584 0.04398148148148148 0.07280080889787664
102 0.4027777777777778 0.8811931243680485 0.034722222222222224 0.044489383215369056
171 0.8904320987654321 0.8837209302325582 0.05169753086419753 0.06167846309403438
1 0.4791666666666667 0.4024266936299292 0.031635802469135804 0.046511627906976744
42 0.6130401234567902 0.5631951466127402 0.02546296296296296 0.028311425682507583
42 0.5729166666666666 0.5050556117290192 0.023919753086419752 0.024266936299292215