55 0.15576171875 0.7025547445255474 0.048828125 0.0948905109489051
132 0.6162109375 0.968065693430657 0.0361328125 0.06386861313868614
95 0.7802734375 0.6852189781021898 0.0869140625 0.1259124087591241
3 0.544921875 0.6624087591240876 0.072265625 0.1386861313868613
125 0.302734375 0.5793795620437956 0.0341796875 0.058394160583941604
1 0.15380859375 0.552007299270073 0.0458984375 0.09306569343065693
55 0.1513671875 0.40784671532846717 0.046875 0.09671532846715329
180 0.54638671875 0.3677007299270073 0.064453125 0.08941605839416059
95 0.36767578125 0.1259124087591241 0.09375 0.12226277372262774
102 0.43212890625 0.9041970802919708 0.0732421875 0.1386861313868613
109 0.95361328125 0.8832116788321168 0.041015625 0.11678832116788321
123 0.30322265625 0.8786496350364964 0.033203125 0.06204379562043796
102 0.15869140625 0.8448905109489051 0.046875 0.09306569343065693