177 0.08374384236453201 0.2970505617977528 0.08177339901477833 0.10533707865168539
180 0.40738916256157637 0.04073033707865169 0.02857142857142857 0.042134831460674156
89 0.46551724137931033 0.5653089887640449 0.08275862068965517 0.11376404494382023
100 0.46551724137931033 0.8089887640449438 0.08275862068965517 0.11797752808988764
137 0.583743842364532 0.8806179775280899 0.08866995073891626 0.12219101123595505
102 0.7911330049261084 0.28651685393258425 0.06995073891625615 0.10112359550561797
102 0.594088669950739 0.45365168539325845 0.06995073891625615 0.09410112359550561
102 0.6719211822660098 0.4508426966292135 0.06699507389162561 0.0997191011235955
102 0.7497536945812808 0.4529494382022472 0.07093596059113301 0.09550561797752809
141 0.8891625615763546 0.45997191011235955 0.07980295566502463 0.11095505617977527
3 0.6039408866995074 0.2808988764044944 0.08078817733990148 0.11376404494382023
53 0.7916256157635468 0.1151685393258427 0.08472906403940887 0.12640449438202248
55 0.08029556650246306 0.586376404494382 0.061083743842364535 0.0898876404494382
31 0.8896551724137931 0.800561797752809 0.0729064039408867 0.10533707865168539