180 0.27980324074074076 0.13310185185185186 0.08622685185185185 0.12037037037037036
23 0.14293981481481483 0.16898148148148148 0.07118055555555555 0.1388888888888889
53 0.671360 0.204062 0.063079 0.127789
55 0.5124421296296297 0.25636574074074076 0.06944444444444445 0.14351851851851852
59 0.38773148148148145 0.2934027777777778 0.05439814814814815 0.12962962962962962
136 0.30092592592592593 0.2945601851851852 0.047453703703703706 0.11805555555555555
23 0.1440972222222222 0.3599537037037037 0.06770833333333333 0.13425925925925927
137 0.6736111111111112 0.4068287037037037 0.07060185185185185 0.14351851851851852
23 0.14438657407407407 0.5520833333333334 0.06828703703703703 0.13310185185185186
32 0.5570023148148148 0.6006944444444444 0.05555555555555555 0.1111111111111111
23 0.4114583333333333 0.8605324074074074 0.06365740740740741 0.125
23 0.5023148148148148 0.8605324074074074 0.06828703703703703 0.125
23 0.5882523148148148 0.8611111111111112 0.07233796296296297 0.12731481481481483
148 0.3677662037037037 0.5196759259259259 0.04976851851851852 0.12268518518518519
148 0.6351273148148148 0.5978009259259259 0.04861111111111111 0.12037037037037036
148 0.8292824074074074 0.6209490740740741 0.05092592592592592 0.12037037037037036
