180 0.27561669829222013 0.01746031746031746 0.020872865275142316 0.03492063492063492
180 0.04174573055028463 0.018253968253968255 0.021821631878557873 0.03650793650793651
148 0.7632827324478179 0.2642857142857143 0.04364326375711575 0.08253968253968254
149 0.30740037950664134 0.2753968253968254 0.025616698292220113 0.044444444444444446
136 0.41840607210626185 0.34285714285714286 0.03889943074003795 0.0746031746031746
136 0.3704933586337761 0.34444444444444444 0.03225806451612903 0.06825396825396825
136 0.32922201138519924 0.34523809523809523 0.03700189753320683 0.06507936507936508
43 0.127134724857685 0.3674603174603175 0.054079696394686905 0.08571428571428572
167 0.6280834914611005 0.4142857142857143 0.031309297912713474 0.05396825396825397
136 0.5787476280834914 0.48333333333333334 0.036053130929791274 0.06507936507936508
180 0.6826375711574952 0.7277777777777777 0.018975332068311195 0.03650793650793651
180 0.009487666034155597 0.7285714285714285 0.018975332068311195 0.03650793650793651
180 0.301707779886148 0.7285714285714285 0.018975332068311195 0.03492063492063492
149 0.6992409867172675 0.7841269841269841 0.023719165085388995 0.04285714285714286
149 0.027039848197343452 0.7849206349206349 0.026565464895635674 0.047619047619047616
149 0.31973434535104367 0.7857142857142857 0.026565464895635674 0.04285714285714286
136 0.7476280834914611 0.85 0.03889943074003795 0.06349206349206349
136 0.4122390891840607 0.8507936507936508 0.03795066413662239 0.06507936507936508
136 0.8391840607210627 0.8515873015873016 0.03795066413662239 0.05714285714285714
136 0.48719165085388993 0.8523809523809524 0.03984819734345351 0.06190476190476191
136 0.36859582542694497 0.8523809523809524 0.031309297912713474 0.06666666666666667
55 0.9340607210626186 0.8603174603174604 0.027514231499051234 0.046031746031746035
55 0.2148956356736243 0.8603174603174604 0.025616698292220113 0.044444444444444446
136 0.04791271347248577 0.861904761904762 0.030360531309297913 0.06190476190476191
55 0.5820683111954459 0.8634920634920635 0.024667931688804556 0.044444444444444446
29 0.36859582542694497 0.10634920634920635 0.04743833017077799 0.06507936507936508
29 0.14516129032258066 0.1619047619047619 0.04933586337760911 0.08571428571428572