100 0.394375 0.27111111111111114 0.07375 0.13555555555555557
10 0.945 0.27666666666666667 0.07875 0.1288888888888889
100 0.5675 0.3811111111111111 0.07125 0.13777777777777778
137 0.75375 0.3811111111111111 0.0375 0.07555555555555556
3 0.066875 0.5144444444444445 0.075 0.1288888888888889
102 0.27625 0.5155555555555555 0.04125 0.07777777777777778
102 0.78875 0.56 0.0425 0.08222222222222222
53 0.45125 0.7733333333333333 0.07875 0.13111111111111112
7 0.9225 0.8555555555555555 0.075 0.13555555555555557
171 0.8175 0.8633333333333333 0.045 0.09111111111111111
102 0.7375 0.8722222222222222 0.055 0.09777777777777778
100 0.5675 0.16666666666666666 0.07375 0.13555555555555557
137 0.753125 0.1711111111111111 0.04 0.07333333333333333