100 0.30832823649337415 0.26531764705882355 0.05507645259938838 0.0728
53 0.654841997961264 0.2734 0.07021406727828745 0.08602352941176471
102 0.522986748216106 0.27463529411764703 0.06390417940876657 0.08552941176470588
102 0.5227726809378186 0.45227058823529415 0.060927624872579 0.09081176470588236
89 0.3087461773700306 0.46157647058823525 0.07121304791029562 0.0800235294117647
141 0.9032619775739043 0.5689058823529412 0.062466870540265035 0.0770235294117647
102 0.7771355759429154 0.5691411764705883 0.06506625891946993 0.08044705882352941
102 0.31278287461773696 0.6252588235294118 0.07672782874617737 0.08384705882352941
102 0.522558613659531 0.642164705882353 0.06304791029561672 0.08530588235294118
53 0.6501630988786952 0.6455882352941177 0.06597349643221202 0.0804
53 0.6506014271151886 0.8581411764705882 0.0719367991845056 0.08490588235294118
102 0.5236289500509683 0.8627882352941176 0.06773700305810398 0.08538823529411764
53 0.9047400611620795 0.09037647058823528 0.06288481141692151 0.09349411764705882
102 0.7777777777777778 0.09085882352941177 0.06888888888888889 0.08858823529411765
100 0.6535677879714576 0.09404705882352941 0.05747196738022426 0.0743764705882353
100 0.5212844036697247 0.09601176470588235 0.06559633027522935 0.0841764705882353
137 0.31299694189602445 0.1014 0.06951070336391436 0.07731764705882353