109 0.1270514165792235 0.2773826458036984 0.04996852046169989 0.10115220483641536
100 0.648688352570829 0.32954480796586055 0.08587618048268626 0.12011379800853485
142 0.9564218258132214 0.3382361308677098 0.07875131164742917 0.12802275960170698
136 0.22730325288562436 0.3390184921763869 0.0685729275970619 0.12011379800853485
55 0.5082266526757607 0.3402133712660028 0.07777544596012592 0.1177524893314367
59 0.34794333683105977 0.340597439544808 0.07201469045120672 0.10431009957325746
137 0.045750262329485834 0.432674253200569 0.07272822665267577 0.10352773826458037
137 0.8142077649527808 0.5804551920341394 0.06715634837355719 0.10510668563300142
55 0.5105561385099685 0.5820341394025604 0.07544596012591816 0.10826458036984353
137 0.5117208814270724 0.7689331436699857 0.07078698845750261 0.09799431009957325
131 0.9552570828961175 0.7855192034139403 0.08342077649527807 0.12170697012802276
53 0.08508919202518364 0.85624466571835 0.07795383001049319 0.11617354196301564
3 0.3065582371458552 0.8590184921763869 0.07320041972717733 0.11695590327169274
102 0.19785939139559286 0.8621763869132291 0.0761594963273872 0.11379800853485064
130 0.8179958027282266 0.10906116642958748 0.07822665267576075 0.13433854907539117
55 0.81302203567681 0.3435561877667141 0.08411332633788038 0.11433854907539118