180 0.279849537037037 0.13304398148148147 0.08638310185185186 0.12076388888888889
23 0.14291666666666666 0.16903935185185187 0.07101273148148148 0.13873842592592592
53 0.6398206018518517 0.14016782407407408 0.7028993055555555 0.14016782407407408 0.7028993055555555 0.2679571759259259 0.6398206018518517 0.2679571759259259
55 0.5125694444444444 0.25645833333333334 0.06957175925925926 0.14381944444444444
59 0.3876793981481481 0.29344907407407406 0.05460648148148148 0.13010416666666666
136 0.30089120370370376 0.2946064814814815 0.0477025462962963 0.11853009259259259
23 0.1440451388888889 0.3599421296296296 0.06747685185185184 0.13475694444444444
137 0.6734953703703703 0.40684027777777776 0.07068865740740742 0.14391203703703703
23 0.14436342592592594 0.5521412037037037 0.06811921296296296 0.1333564814814815
32 0.5570138888888889 0.6008333333333333 0.05530671296296296 0.110625
23 0.41131944444444446 0.8606944444444444 0.06383101851851852 0.12545138888888888
23 0.5022800925925927 0.8606944444444444 0.06829282407407408 0.12545138888888888
23 0.5882638888888889 0.8613310185185186 0.07243634259259259 0.1267361111111111
148 0.3677199074074074 0.5196875 0.04994212962962963 0.12244212962962964
148 0.6352604166666667 0.5977777777777779 0.048749999999999995 0.12046296296296297
148 0.8291550925925926 0.620925925925926 0.05074652777777778 0.12045138888888889