177 0.157394 0.904168 0.074199 0.075150
55 0.7379547689282202 0.8544247787610619 0.09242871189773845 0.06637168141592921
136 0.40462143559488695 0.8491150442477876 0.06981317600786627 0.06371681415929203
95 0.2718780727630285 0.8477876106194691 0.07374631268436578 0.06902654867256637
109 0.15781710914454278 0.815929203539823 0.05408062930186824 0.06814159292035399
171 0.04228121927236971 0.784070796460177 0.07177974434611603 0.06371681415929203
12 0.5865290068829891 0.75 0.08456243854473942 0.07079646017699115
59 0.4960668633235005 0.7482300884955753 0.06293018682399214 0.06637168141592921
32 0.4056047197640118 0.7477876106194691 0.07669616519174041 0.06725663716814159
159 0.15732546705998032 0.7252212389380531 0.08652900688298919 0.06371681415929203
62 0.35644051130776794 0.6482300884955752 0.0599803343166175 0.05221238938053097
137 0.4365781710914454 0.647787610619469 0.06489675516224189 0.04513274336283186
102 0.616519174041298 0.5442477876106194 0.05211406096361849 0.03982300884955752
65 0.7079646017699115 0.54070796460177 0.0688298918387414 0.04601769911504425
181 0.46263520157325466 0.5402654867256638 0.06096361848574238 0.05575221238938053
26 0.8102261553588987 0.5398230088495575 0.0688298918387414 0.05398230088495575
95 0.5904621435594887 0.4398230088495575 0.06096361848574238 0.050442477876106194
3 0.3815142576204523 0.43495575221238936 0.05604719764011799 0.05575221238938053
180 0.2753195673549656 0.9411504424778762 0.07472959685349066 0.06902654867256637
171 0.09292035398230089 0.16106194690265488 0.07964601769911504 0.07256637168141593
87 0.18928220255653885 0.16106194690265488 0.058997050147492625 0.035398230088495575
139 0.7989183874139626 0.7690265486725664 0.048180924287118974 0.049557522123893805
139 0.7482792527040315 0.7694690265486726 0.05211406096361849 0.05132743362831858
139 0.6951819075712881 0.7699115044247787 0.05408062930186824 0.050442477876106194
139 0.8008849557522124 0.718141592920354 0.05211406096361849 0.046902654867256637
139 0.7482792527040315 0.7172566371681416 0.049164208456243856 0.049557522123893805
139 0.6966568338249755 0.7190265486725663 0.051130776794493606 0.04601769911504425
139 0.7989183874139626 0.6685840707964602 0.05211406096361849 0.049557522123893805
139 0.7458210422812193 0.668141592920354 0.05211406096361849 0.05132743362831858
105 0.3805309734513274 0.5424778761061947 0.05506391347099312 0.047787610619469026
95 0.2861356932153392 0.16194690265486725 0.06096361848574238 0.05929203539823009
152 0.7999016715830876 0.3597345132743363 0.05211406096361849 0.048672566371681415
