180 0.06665625 0.022681105302464526 0.06655 0.04536221060492905
103 0.22938124999999998 0.1327931292008962 0.09512499999999999 0.10626587005227782
3 0.37675 0.1343465272591486 0.08360625000000001 0.10564600448095594
102 0.55066875 0.14399551904406274 0.0877 0.10625840179238237
32 0.11925000000000001 0.27713218820014934 0.0842375 0.10368932038834952
37 0.23328749999999998 0.3197535474234503 0.0810625 0.10303958177744585
137 0.37258125 0.31850634802091116 0.08777499999999999 0.11548170276325616
137 0.52333125 0.32100074682598956 0.08615 0.09805825242718448
53 0.6490874999999999 0.32068707991038087 0.0720375 0.10117251680358476
53 0.7251125 0.320067214339059 0.0740875 0.10739357729648992
141 0.8060875 0.32193427931292007 0.07665625000000001 0.10365944734876774
168 0.905025 0.37575056011949215 0.07453125 0.08807318894697536
136 0.116125 0.47840179238237496 0.09673125 0.0992083644510829
22 0.11690625 0.6600746825989545 0.088925 0.10407020164301717
137 0.48271250000000004 0.7817102315160568 0.07991875 0.10461538461538462
53 0.647262 0.780157 0.071519 0.097774
53 0.72719375 0.7798431665421957 0.07825 0.09342046303211352
38 0.90398125 0.25194174757281557 0.07245 0.08690067214339059
133 0.90316875 0.1291560866318148 0.075425 0.08306198655713219
