180 0.08190224570673713 0.036470588235294116 0.03632760898282695 0.06588235294117648
137 0.14927344782034346 0.19117647058823528 0.03830911492734478 0.07411764705882352
177 0.028731836195508585 0.5135294117647059 0.043593130779392336 0.08
55 0.35931307793923384 0.2211764705882353 0.03963011889035667 0.07294117647058823
88 0.27311756935270803 0.15235294117647058 0.043593130779392336 0.04941176470588235
102 0.27344782034346105 0.2464705882352941 0.04095112285336856 0.07882352941176471
3 0.3143989431968296 0.36470588235294116 0.043593130779392336 0.07411764705882352
3 0.3365257595772787 0.7252941176470589 0.043593130779392336 0.07176470588235294
3 0.5617569352708058 0.62 0.04425363276089828 0.07882352941176471
3 0.5617569352708058 0.3658823529411765 0.04425363276089828 0.07411764705882352
137 0.21235138705416115 0.8576470588235294 0.03963011889035667 0.07176470588235294
102 0.33487450462351387 0.8629411764705882 0.04689564068692206 0.08
145 0.5610964332892999 0.8523529411764705 0.0416116248348745 0.07647058823529412
160 0.5610964332892999 0.11529411764705882 0.043593130779392336 0.07529411764705882
142 0.6641347424042272 0.3652941176470588 0.042932628797886396 0.07529411764705882
102 0.6651254953764861 0.5123529411764706 0.043593130779392336 0.07647058823529412
102 0.8001981505944518 0.3341176470588235 0.04425363276089828 0.07529411764705882
57 0.8011889035667107 0.1952941176470588 0.04095112285336856 0.08
62 0.8021796565389696 0.46058823529411763 0.0416116248348745 0.06941176470588235
28 0.9359313077939234 0.2735294117647059 0.043593130779392336 0.07529411764705882
28 0.9223910171730515 0.7447058823529412 0.04425363276089828 0.07764705882352942
141 0.8025099075297226 0.7464705882352941 0.043593130779392336 0.07647058823529412
102 0.8011889035667107 0.8647058823529412 0.042932628797886396 0.06588235294117648
102 0.9233817701453104 0.8658823529411764 0.04095112285336856 0.07058823529411765