180 0.0861441743503772 0.09890607101947307 0.1042078792958927 0.09980526918671248
59 0.2965884325230511 0.16156930126002292 0.06128667225481978 0.07623138602520045
136 0.39063704945515504 0.049919816723940434 0.05379715004191116 0.08584192439862542
32 0.6858172673931265 0.0597766323024055 0.0741617770326907 0.10936998854524628
59 0.8825272422464375 0.15966208476517754 0.05685247275775356 0.08004581901489118
55 0.13037720033528918 0.32761168384879724 0.06973595976529756 0.09521191294387171
12 0.2982187761944677 0.3409736540664376 0.07292539815590947 0.09138602520045819
55 0.39319782062028497 0.3260194730813288 0.07288767812238055 0.10348224513172967
59 0.2954274937133277 0.4720274914089347 0.05616512992455993 0.07858533791523482
55 0.1287468566638726 0.6247079037800687 0.07485750209555743 0.10139747995418098
55 0.39668901927912825 0.6202520045819016 0.071487845766974 0.10012600229095074
12 0.29519279128248116 0.6361626575028637 0.06966890192791282 0.08611683848797251
137 0.5789647946353731 0.5162371134020619 0.06443000838222968 0.10209621993127148
137 0.7896437552388935 0.5133734249713632 0.06387678122380554 0.10782359679266895
53 0.08963956412405699 0.7952061855670104 0.06370075440067058 0.1063802978235968
53 0.24258172673931264 0.794885452462772 0.06503352891869237 0.10193012600229095
53 0.42136630343671416 0.794885452462772 0.05937133277451802 0.0942955326460481
2 0.5747736797988265 0.34638029782359675 0.0672254819782062 0.09838487972508592