39 0.9177631578947368 0.14577039274924472 0.10818713450292397 0.09667673716012085
180 0.9181286549707602 0.8572507552870091 0.08187134502923976 0.08308157099697885
142 0.7357456140350878 0.7696374622356495 0.1286549707602339 0.11404833836858005
137 0.12353801169590643 0.7677492447129909 0.10307017543859649 0.11027190332326284
3 0.4152046783625731 0.7666163141993958 0.10891812865497076 0.10574018126888217
37 0.5730994152046783 0.7639728096676737 0.11038011695906433 0.1027190332326284
53 0.2635233918128655 0.7624622356495468 0.097953216374269 0.1027190332326284
29 0.91703216374269 0.6144259818731118 0.1023391812865497 0.10045317220543806
102 0.18640350877192982 0.5596676737160121 0.12353801169590643 0.11178247734138973
102 0.35891812865497075 0.5562688821752266 0.10380116959064327 0.10725075528700906
102 0.5241228070175439 0.554380664652568 0.1023391812865497 0.10649546827794562
102 0.7050438596491229 0.5532477341389728 0.10599415204678363 0.09441087613293052
55 0.48099415204678364 0.9467522658610272 0.11915204678362573 0.10649546827794562
27 0.9137426900584795 0.4618580060422961 0.10526315789473684 0.09516616314199396
123 0.2328216374269006 0.4169184290030212 0.0489766081871345 0.05740181268882175
123 0.7814327485380117 0.4127643504531722 0.051900584795321635 0.061933534743202415
123 0.4861111111111111 0.411631419939577 0.054093567251461985 0.05966767371601209
28 0.9137426900584795 0.31344410876132933 0.10526315789473684 0.09743202416918428
46 0.9152046783625731 0.7613293051359517 0.10087719298245613 0.10045317220543806
130 0.7134502923976608 0.32250755287009064 0.08625730994152046 0.08459214501510574
130 0.4367690058479532 0.3228851963746224 0.09064327485380116 0.08308157099697885
130 0.17982456140350878 0.32892749244712993 0.0891812865497076 0.08308157099697885