136 0.5058333333333334 0.11794354838709678 0.04666666666666667 0.059475806451612906
180 0.056666666666666664 0.1431451612903226 0.0425 0.04939516129032258
137 0.9195833333333333 0.21723790322580644 0.04666666666666667 0.059475806451612906
32 0.505 0.21824596774193547 0.05583333333333333 0.05846774193548387
59 0.50625 0.3407258064516129 0.0475 0.06451612903225806
125 0.6029166666666667 0.3785282258064516 0.04583333333333333 0.055443548387096774
125 0.20166666666666666 0.38256048387096775 0.0525 0.06048387096774194
12 0.5054166666666666 0.43598790322580644 0.0425 0.05040322580645161
55 0.7033333333333334 0.45564516129032256 0.060833333333333336 0.06754032258064516
55 0.31166666666666665 0.4561491935483871 0.058333333333333334 0.07258064516129033
171 0.39916666666666667 0.055443548387096774 0.055 0.06854838709677419
59 0.5058333333333334 0.5670362903225806 0.04666666666666667 0.056451612903225805
171 0.6141666666666666 0.05846774193548387 0.060833333333333336 0.06854838709677419
125 0.60375 0.5987903225806451 0.049166666666666664 0.057459677419354836
125 0.20083333333333334 0.5987903225806451 0.050833333333333335 0.06149193548387097
12 0.5058333333333334 0.6557459677419355 0.041666666666666664 0.05241935483870968
55 0.70375 0.672883064516129 0.056666666666666664 0.06451612903225806
55 0.31083333333333335 0.6733870967741935 0.060833333333333336 0.06955645161290322
123 0.605 0.8170362903225806 0.0475 0.056451612903225805
123 0.20125 0.8185483870967742 0.049166666666666664 0.059475806451612906
128 0.70625 0.8503024193548387 0.0425 0.05443548387096774
128 0.31125 0.8523185483870968 0.04583333333333333 0.055443548387096774