59 0.5913140311804009 0.7657200811359026 0.05902004454342984 0.09127789046653144
53 0.8646993318485523 0.2920892494929006 0.052338530066815145 0.09939148073022312
53 0.7800668151447662 0.295131845841785 0.052338530066815145 0.10547667342799188
53 0.6904231625835189 0.2961460446247465 0.051224944320712694 0.11156186612576065
136 0.5439866369710468 0.9411764705882353 0.05456570155902005 0.11764705882352941
32 0.18040089086859687 0.9421906693711968 0.060133630289532294 0.11561866125760649
142 0.17037861915367483 0.6825557809330629 0.05456570155902005 0.10547667342799188
28 0.1675946547884187 0.486815415821501 0.05011135857461024 0.10344827586206896
53 0.16369710467706014 0.2738336713995943 0.06570155902004454 0.12373225152129817
59 0.4265033407572383 0.4107505070993915 0.045657015590200446 0.08519269776876268
137 0.053452115812917596 0.6926977687626775 0.06347438752783964 0.1257606490872211
102 0.051224944320712694 0.48580121703853957 0.0556792873051225 0.10141987829614604
140 0.05066815144766147 0.27586206896551724 0.05456570155902005 0.10141987829614604