163 0.061865234375 0.2359114139693356 0.044716796875 0.10696763202725725
177 0.060849609375 0.6677001703577513 0.0548828125 0.09746166950596252
180 0.157060546875 0.06914821124361159 0.030029296875 0.05454855195911414
166 0.202216796875 0.19013628620102216 0.06662109375 0.12189097103918228
137 0.38853515625 0.1929642248722317 0.073046875 0.12756388415672912
74 0.5490234375 0.1943952299829642 0.069326171875 0.11337308347529812
74 0.27767578125 0.49206132879045994 0.068623046875 0.12524701873935262
74 0.486572265625 0.4207495741056218 0.073818359375 0.12316865417376491
74 0.450576171875 0.628671209540034 0.0726171875 0.12161839863713798
104 0.232314453125 0.6261839863713798 0.073115234375 0.12942078364565587
74 0.2380078125 0.8358773424190801 0.06986328125 0.1186541737649063
3 0.46033203125 0.8333901192504258 0.067734375 0.11793867120954005
59 0.606181640625 0.8380068143100512 0.06888671875 0.12289608177172061
104 0.751005859375 0.195809199318569 0.065576171875 0.11621805792163543
64 0.753037109375 0.8330323679727428 0.069638671875 0.12148211243611584
128 0.89603515625 0.8426064735945485 0.069990234375 0.11935264054514481
102 0.891357421875 0.599931856899489 0.067958984375 0.11950596252129472
141 0.884443359375 0.3952129471890971 0.06876953125 0.12318568994889267
28 0.883623046875 0.1911925042589438 0.0671484375 0.11976149914821124