55 0.16328125 0.13958333333333334 0.0328125 0.05694444444444444
2 0.16328125 0.22152777777777777 0.03515625 0.06388888888888888
12 0.1625 0.3055555555555556 0.0359375 0.059722222222222225
180 0.31171875 0.47291666666666665 0.025 0.05277777777777778
98 0.6765625 0.5381944444444444 0.03828125 0.07222222222222222
102 0.67734375 0.6263888888888889 0.03828125 0.06527777777777778
102 0.6765625 0.7111111111111111 0.03515625 0.0625
102 0.6765625 0.7958333333333333 0.03671875 0.058333333333333334
180 0.648046875 0.12361111111111112 0.028125 0.05416666666666667
180 0.41484375 0.12361111111111112 0.02734375 0.05138888888888889
180 0.2265625 0.12569444444444444 0.03046875 0.05138888888888889
55 0.16171875 0.5569444444444445 0.03828125 0.06527777777777778
95 0.28984375 0.1909722222222222 0.0359375 0.058333333333333334
95 0.478515625 0.18958333333333333 0.03125 0.059722222222222225
95 0.711328125 0.18958333333333333 0.0328125 0.05555555555555555