180 0.013918629550321198 0.10791015625 0.02676659528907923 0.0244140625
32 0.5 0.14990234375 0.08565310492505353 0.080078125
125 0.07226980728051392 0.29296875 0.028907922912205567 0.02734375
125 0.4464668094218415 0.2939453125 0.033190578158458245 0.0263671875
95 0.5010706638115632 0.0341796875 0.10171306209850108 0.068359375
137 0.8667023554603854 0.35791015625 0.08993576017130621 0.08203125
59 0.3735974304068522 0.3991015625 0.4535974304068523 0.3991015625 0.4535974304068523 0.32009765625 0.3735974304068522 0.32009765625 0.3735974304068522 0.3991015625
123 0.07226980728051392 0.5 0.02676659528907923 0.0263671875
55 0.0936830835117773 0.5595703125 0.02569593147751606 0.025390625
55 0.4721627408993576 0.56005859375 0.02676659528907923 0.0244140625
63 0.8656316916488223 0.5869140625 0.08137044967880086 0.078125
42 0.5096359743040685 0.61181640625 0.05460385438972163 0.037109375
42 0.6916488222698073 0.6123046875 0.056745182012847964 0.037109375
42 0.31263383297644537 0.61279296875 0.05460385438972163 0.037109375
42 0.13008565310492506 0.61328125 0.055674518201284794 0.0341796875
42 0.2221627408993576 0.61376953125 0.056745182012847964 0.037109375
42 0.6006423982869379 0.61376953125 0.058886509635974305 0.03515625
123 0.0728051391862955 0.74462890625 0.028907922912205567 0.0244140625
53 0.5582066381156316 0.855517578125 0.6439346895074946 0.855517578125 0.6439346895074946 0.777998046875 0.5582066381156316 0.777998046875 0.5582066381156316 0.855517578125
53 0.17812098501070664 0.855517578125 0.2622216274089936 0.855517578125 0.2622216274089936 0.778974609375 0.17812098501070664 0.778974609375 0.17812098501070664 0.855517578125