52 0.21533203125 0.6637254901960784 0.0400390625 0.054901960784313725
63 0.21630859375 0.5166666666666667 0.037109375 0.07254901960784314
55 0.1142578125 0.515686274509804 0.0380859375 0.07058823529411765
171 0.97607421875 0.49117647058823527 0.0390625 0.0803921568627451
102 0.78857421875 0.48823529411764705 0.033203125 0.07058823529411765
3 0.87646484375 0.4852941176470588 0.03515625 0.06862745098039216
137 0.583984375 0.35490196078431374 0.033203125 0.07647058823529412
17 0.6591796875 0.9274509803921569 0.0390625 0.07254901960784314
171 0.9775390625 0.9254901960784314 0.037109375 0.07450980392156863
53 0.2646484375 0.15980392156862744 0.03515625 0.07450980392156863
137 0.1220703125 0.15980392156862744 0.03515625 0.07450980392156863
137 0.193359375 0.15980392156862744 0.0341796875 0.0784313725490196
36 0.7705078125 0.9245098039215687 0.0341796875 0.07058823529411765
1 0.3037109375 0.35294117647058826 0.0341796875 0.07647058823529412
37 0.87646484375 0.6480392156862745 0.0380859375 0.0784313725490196