32 0.5009765625 0.16251556662515568 0.056640625 0.07347447073474471
171 0.07275390625 0.1930261519302615 0.0791015625 0.09713574097135741
171 0.93115234375 0.20049813200498132 0.0810546875 0.10336239103362391
125 0.3115234375 0.2920298879202989 0.0185546875 0.023661270236612703
125 0.5771484375 0.29265255292652553 0.0185546875 0.026151930261519303
95 0.5048828125 0.03424657534246575 0.08203125 0.0684931506849315
137 0.2373046875 0.3468244084682441 0.0537109375 0.0722291407222914
1 0.5537109375 0.3586550435865504 0.056640625 0.074719800747198
81 0.07421875 0.4140722291407223 0.0859375 0.09464508094645081
81 0.93310546875 0.4153175591531756 0.0859375 0.09464508094645081
123 0.31005859375 0.49937733499377335 0.0185546875 0.024906600249066
55 0.328125 0.5504358655043586 0.0224609375 0.029887920298879204
55 0.59619140625 0.5516811955168119 0.021484375 0.0273972602739726
42 0.41943359375 0.6033623910336239 0.04296875 0.037359900373599
42 0.6884765625 0.6033623910336239 0.04296875 0.037359900373599
42 0.35546875 0.6046077210460772 0.0498046875 0.038605230386052306
42 0.62451171875 0.6046077210460772 0.0439453125 0.039850560398505604
42 0.48388671875 0.6052303860523038 0.0419921875 0.038605230386052306
42 0.75537109375 0.6058530510585305 0.0439453125 0.0323785803237858
63 0.23681640625 0.6114570361145704 0.0576171875 0.0759651307596513
162 0.935546875 0.6562889165628891 0.0615234375 0.0647571606475716
123 0.3115234375 0.7422166874221668 0.01953125 0.023661270236612703
142 0.2373046875 0.8063511830635118 0.05859375 0.0722291407222914
62 0.5537109375 0.8063511830635118 0.056640625 0.0722291407222914
53 0.6561962890625 0.8510585305105853 0.7237451171875 0.8510585305105853 0.7237451171875 0.7626151930261519 0.6561962890625 0.7626151930261519 0.6561962890625 0.8510585305105853
53 0.3799755859375 0.848692403486924 0.4569384765625 0.848692403486924 0.4569384765625 0.7661768368617684 0.3799755859375 0.7661768368617684 0.3799755859375 0.848692403486924
180 0.15283203125 0.11145703611457036 0.017578125 0.024906600249066