37 0.11474609375 0.6172523961661341 0.04296875 0.0536741214057508
145 0.11572265625 0.6926517571884984 0.037109375 0.04984025559105431
29 0.83056640625 0.7060702875399361 0.0380859375 0.051118210862619806
87 0.1142578125 0.7680511182108626 0.04296875 0.054313099041533544
128 0.57177734375 0.7712460063897764 0.0439453125 0.05623003194888179
128 0.4033203125 0.7731629392971247 0.03955078125 0.054313099041533544
136 0.35205078125 0.15399361022364216 0.04345703125 0.060063897763578275
18 0.3515625 0.2415335463258786 0.04248046875 0.060063897763578275
180 0.07373046875 0.2453674121405751 0.044921875 0.04089456869009585
125 0.26318359375 0.32012779552715653 0.01220703125 0.020447284345047924
59 0.49609375 0.3795527156549521 0.04052734375 0.0523961661341853
137 0.115234375 0.38722044728434507 0.04150390625 0.0536741214057508
36 0.8310546875 0.43322683706070286 0.041015625 0.053035143769968054
63 0.11572265625 0.468370607028754 0.04052734375 0.05559105431309904
123 0.26416015625 0.470926517571885 0.01318359375 0.019169329073482427
58 0.4736328125 0.49329073482428115 0.02490234375 0.03450479233226837
22 0.1142578125 0.5437699680511182 0.04150390625 0.054952076677316296
33 0.8310546875 0.5552715654952076 0.0400390625 0.05623003194888179
42 0.38720703125 0.5629392971246007 0.037109375 0.02939297124600639
42 0.32666015625 0.5635782747603834 0.0380859375 0.030670926517571886
42 0.44873046875 0.5635782747603834 0.03955078125 0.030670926517571886
42 0.61279296875 0.5635782747603834 0.037109375 0.0268370607028754
42 0.6728515625 0.5635782747603834 0.0361328125 0.027476038338658148
42 0.5517578125 0.5648562300319488 0.03564453125 0.0268370607028754