64 0.8183269476372924 0.24178644763860369 0.07407407407407407 0.12012320328542095
137 0.2276500638569604 0.29055441478439425 0.07407407407407407 0.13552361396303902
55 0.6561302681992337 0.316735112936345 0.07918263090676884 0.1273100616016427
53 0.910307 0.436129 0.079342 0.134754
1 0.41954022988505746 0.4491786447638604 0.06832694763729247 0.10882956878850103
55 0.657088122605364 0.5749486652977412 0.09003831417624521 0.13449691991786447
137 0.22030651340996169 0.63347022587269 0.08492975734355045 0.13963039014373715
63 0.48243933588761173 0.8613963039014374 0.07662835249042145 0.1324435318275154
87 0.6618773946360154 0.86652977412731 0.06130268199233716 0.13860369609856263
28 0.8435504469987228 0.8675564681724846 0.08301404853128991 0.13039014373716631
