137 0.9521484375 0.5928074245939675 0.0576171875 0.14153132250580047
137 0.80078125 0.5939675174013921 0.056640625 0.14385150812064965
137 0.4931640625 0.5986078886310905 0.0556640625 0.12993039443155452
137 0.21826171875 0.5962877030162413 0.056640625 0.1368909512761021
102 0.66650390625 0.3863109048723898 0.056640625 0.13225058004640372
38 0.669921875 0.8306264501160093 0.0556640625 0.13921113689095127
128 0.76171875 0.1554524361948956 0.05859375 0.13921113689095127
131 0.6689453125 0.154292343387471 0.0595703125 0.14153132250580047
53 0.5859375 0.154292343387471 0.0595703125 0.1368909512761021
84 0.3759765625 0.5951276102088167 0.0556640625 0.1368909512761021
106 0.87255859375 0.5904872389791184 0.0615234375 0.14617169373549885
144 0.30029296875 0.6020881670533643 0.0556640625 0.13225058004640372
10 0.6689453125 0.5696055684454756 0.0595703125 0.13921113689095127
144 0.1357421875 0.5962877030162413 0.0546875 0.1345707656612529
116 0.05908203125 0.6090487238979119 0.046875 0.13921113689095127
53 0.89892578125 0.14385150812064965 0.0478515625 0.12064965197215777
53 0.8349609375 0.14733178654292342 0.048828125 0.10904872389791183