132 0.5751953125 0.18335901386748846 0.0234375 0.04160246533127889
132 0.06201171875 0.18412942989214176 0.02734375 0.040061633281972264
136 0.232421875 0.28659476117103233 0.0537109375 0.07704160246533127
136 0.74609375 0.28659476117103233 0.05078125 0.07704160246533127
125 0.12255859375 0.3713405238828968 0.025390625 0.03852080123266564
125 0.6357421875 0.3736517719568567 0.0244140625 0.04314329738058552
59 0.7451171875 0.4322033898305085 0.0390625 0.061633281972265024
59 0.2333984375 0.4337442218798151 0.0390625 0.06317411402157165
123 0.63623046875 0.5624036979969184 0.025390625 0.04160246533127889
123 0.12158203125 0.5631741140215717 0.02734375 0.04314329738058552
58 0.1376953125 0.6117103235747303 0.02734375 0.03852080123266564
58 0.65087890625 0.6147919876733436 0.0263671875 0.04160246533127889
171 0.23583984375 0.06317411402157165 0.0615234375 0.10015408320493066
171 0.74560546875 0.06394453004622497 0.060546875 0.09861325115562404
55 0.18798828125 0.724191063174114 0.0419921875 0.060092449922958396
55 0.775390625 0.724191063174114 0.041015625 0.05084745762711865
55 0.70068359375 0.724191063174114 0.0390625 0.05855161787365177
55 0.26416015625 0.726502311248074 0.0341796875 0.05855161787365177
131 0.1640625 0.8906009244992296 0.0458984375 0.08012326656394453
100 0.30029296875 0.8921417565485362 0.0498046875 0.07395993836671803
128 0.369140625 0.8921417565485362 0.05078125 0.08166409861325115
131 0.67919921875 0.8921417565485362 0.05078125 0.08166409861325115
128 0.88232421875 0.8921417565485362 0.0498046875 0.07858243451463791
137 0.09423828125 0.8921417565485362 0.048828125 0.07395993836671803
83 0.2333984375 0.8929121725731896 0.0537109375 0.0847457627118644
137 0.61083984375 0.8929121725731896 0.05078125 0.08012326656394453
83 0.74755859375 0.8929121725731896 0.048828125 0.08012326656394453
100 0.81494140625 0.8929121725731896 0.046875 0.08012326656394453
180 0.03173828125 0.14560862865947613 0.02734375 0.04160246533127889