32 0.9041855774079677 0.6120789779326364 0.04387291981845688 0.10336817653890824
37 0.9072112960161371 0.3803716608594657 0.049924357034795766 0.10685249709639953
6 0.7945032778618255 0.389082462253194 0.04740292486132123 0.1091753774680604
137 0.794251134644478 0.6155632984901278 0.0453857791225416 0.10685249709639953
132 0.6409480584972265 0.9523809523809523 0.03580433686333838 0.07781649245063879
3 0.5824508320726173 0.7607433217189314 0.0453857791225416 0.10336817653890824
53 0.46091780131114474 0.7590011614401858 0.044377206253151794 0.10220673635307782
132 0.6401916288451841 0.37282229965156793 0.03328290468986384 0.08013937282229965
3 0.32173474533535046 0.7636469221835076 0.046898638426626324 0.10220673635307782
3 0.5819465456379224 0.1794425087108014 0.046898638426626324 0.10452961672473868
3 0.32223903177004537 0.1806039488966318 0.0453857791225416 0.10336817653890824
53 0.4611699445284922 0.1835075493612079 0.05042864346949067 0.10569105691056911
53 0.19162884518406456 0.7624854819976771 0.0448814926878467 0.09988385598141696
53 0.19162884518406456 0.18292682926829268 0.04236006051437216 0.10220673635307782
137 0.07110438729198185 0.7624854819976771 0.04336863338376198 0.09988385598141696
137 0.07110438729198185 0.18176538908246226 0.04589006555723651 0.1091753774680604