61 0.8462709284627092 0.846039603960396 0.05859969558599695 0.07920792079207921
61 0.7058599695585996 0.844059405940594 0.05707762557077625 0.07722772277227723
61 0.5639269406392694 0.8435643564356435 0.0578386605783866 0.07623762376237624
95 0.14231354642313546 0.7801980198019802 0.07077625570776255 0.06831683168316832
137 0.8474124809741248 0.7445544554455445 0.0487062404870624 0.06831683168316832
32 0.704337899543379 0.744059405940594 0.0578386605783866 0.0801980198019802
59 0.7104261796042618 0.5995049504950495 0.0547945205479452 0.07326732673267326
148 0.09360730593607305 0.5465346534653466 0.0487062404870624 0.09207920792079208
148 0.2207001522070015 0.5430693069306931 0.0471841704718417 0.08712871287128712
148 0.1567732115677321 0.5430693069306931 0.0471841704718417 0.08712871287128712
55 0.5357686453576864 0.4772277227722772 0.05403348554033485 0.0801980198019802
55 0.880517503805175 0.4762376237623762 0.0578386605783866 0.07821782178217822
55 0.795662100456621 0.4762376237623762 0.05707762557077625 0.07821782178217822
55 0.6206240487062404 0.4762376237623762 0.0578386605783866 0.07821782178217822
148 0.2207001522070015 0.4212871287128713 0.0532724505327245 0.08118811881188119
148 0.09360730593607305 0.4188118811881188 0.0547945205479452 0.0900990099009901
148 0.15791476407914765 0.4178217821782178 0.05098934550989345 0.08514851485148515
174 0.2987062404870624 0.36435643564356435 0.0593607305936073 0.08118811881188119
174 0.4535768645357686 0.36237623762376237 0.05403348554033485 0.07227722772277227
137 0.7047184170471842 0.30247524752475247 0.0471841704718417 0.07326732673267326
55 0.8356164383561644 0.30198019801980197 0.0593607305936073 0.07524752475247524
55 0.5745814307458144 0.3 0.060882800608828 0.07920792079207921
171 0.4296042617960426 0.9262376237623763 0.0654490106544901 0.08613861386138613
128 0.5764840182648402 0.1702970297029703 0.0502283105022831 0.07326732673267326
128 0.8344748858447488 0.16782178217821783 0.045662100456621 0.06930693069306931
128 0.09170471841704718 0.16683168316831684 0.0502283105022831 0.07623762376237624
128 0.1571537290715373 0.16534653465346535 0.05555555555555555 0.07623762376237624
128 0.2222222222222222 0.16485148514851486 0.0502283105022831 0.08118811881188119
50 0.3732876712328767 0.15198019801980198 0.0639269406392694 0.09900990099009901
180 0.950152207001522 0.6396039603960396 0.05251141552511415 0.048514851485148516