10 0.8129125 0.24978181818181816 0.09237500000000001 0.13247272727272727
137 0.9444374999999999 0.25021818181818184 0.07685 0.12814545454545456
137 0.6763375 0.25065454545454546 0.0656625 0.10303636363636363
177 0.13835 0.25281818181818183 0.08255000000000001 0.10216363636363636
3 0.29486249999999997 0.25281818181818183 0.095575 0.1333272727272727
102 0.4966125 0.3484909090909091 0.0776375 0.11169090909090909
177 0.141625 0.3567090909090909 0.078375 0.10216363636363636
83 0.94235 0.42121818181818177 0.0905375 0.14285454545454543
37 0.2954625 0.4480545454545455 0.08248749999999999 0.1342
137 0.9375875 0.5848545454545455 0.073875 0.1064909090909091
10 0.0462875 0.5919272727272727 0.041575 0.07003636363636365
53 0.677225 0.06103636363636364 0.07815 0.1186181818181818
3 0.0462875 0.6545454545454545 0.036012499999999996 0.04983636363636364
37 0.046525 0.7090909090909091 0.03925 0.053872727272727274
53 0.046525 0.7686909090909091 0.03925 0.06398181818181818
83 0.047212500000000004 0.8282909090909091 0.0378625 0.05790909090909091
102 0.0479125 0.8818181818181818 0.036475 0.04781818181818182
137 0.046525 0.9262545454545454 0.03925 0.04781818181818182
177 0.13925 0.15325454545454548 0.073625 0.11081818181818183
102 0.49988750000000004 0.15843636363636363 0.0734625 0.1316