180 0.1773828125 0.014186550976138829 0.0291796875 0.028373101952277657
3 0.236494140625 0.2930368763557484 0.08443359375 0.09198481561822126
38 0.925966796875 0.323058568329718 0.061484375 0.06675704989154013
102 0.53021484375 0.3282863340563991 0.05013671875 0.06485900216919739
53 0.346064453125 0.549945770065076 0.082216796875 0.10327548806941432
168 0.923935546875 0.5543709327548807 0.0623046875 0.07383947939262472
102 0.527236328125 0.5553796095444685 0.053935546875 0.07074837310195228
120 0.924130859375 0.7106832971800434 0.0602734375 0.06651843817787419
102 0.533740234375 0.7137960954446855 0.060439453125 0.0766702819956616
171 0.0376953125 0.7903036876355748 0.074208984375 0.08505422993492408
102 0.43962890625 0.08643167028199567 0.07078125 0.0836767895878525
142 0.232158203125 0.08883947939262472 0.082265625 0.08849240780911063
141 0.733759765625 0.8817245119305858 0.057939453125 0.06966377440347073
171 0.042255859375 0.2967353579175705 0.068095703125 0.08550976138828634