180 0.11770093457943925 0.1060968660968661 0.06621495327102803 0.08737891737891738
95 0.43872897196261684 0.09727920227920228 0.06474766355140187 0.1023076923076923
112 0.7275046728971962 0.37022792022792017 0.05483177570093458 0.09061253561253561
95 0.9097102803738317 0.30716524216524216 0.06410280373831775 0.07844729344729345
177 0.912373831775701 0.4685470085470086 0.0694392523364486 0.10004273504273505
112 0.16954205607476636 0.3715811965811966 0.06574766355140187 0.10145299145299146
59 0.43872897196261684 0.30648148148148147 0.07008411214953271 0.1014957264957265
55 0.6316168224299066 0.6445299145299145 0.06332710280373832 0.08975783475783476
55 0.2451869158878505 0.6499572649572649 0.0621588785046729 0.08433048433048433
125 0.12638317757009346 0.27665242165242165 0.038177570093457944 0.06625356125356124
125 0.12549532710280373 0.5319658119658119 0.036401869158878504 0.06
125 0.48545794392523367 0.26715099715099716 0.035355140186915886 0.06354700854700855
125 0.48545794392523367 0.5275498575498575 0.030018691588785045 0.05525641025641025