106 0.483544921875 0.14266666666666666 0.079970703125 0.051111111111111114
118 0.494541015625 0.26694117647058824 0.05513671875 0.07586928104575164
180 0.18982421875 0.41600000000000004 0.0394140625 0.048771241830065364
180 0.604169921875 0.42852287581699344 0.040458984375 0.054209150326797385
106 0.234775390625 0.4628235294117647 0.078037109375 0.05091503267973856
137 0.7546875 0.470718954248366 0.03388671875 0.04383006535947712
137 0.718076171875 0.4712679738562091 0.033896484375 0.05145098039215686
106 0.637724609375 0.48188235294117643 0.075830078125 0.04981699346405229
28 0.73232421875 0.5222483660130719 0.038076171875 0.04037908496732026
180 0.60591796875 0.6229150326797386 0.0391796875 0.047098039215686276
137 0.75544921875 0.6587320261437909 0.03224609375 0.04900653594771242
137 0.71693359375 0.6611503267973856 0.031171875 0.04803921568627451
106 0.63732421875 0.6740915032679738 0.07990234375 0.04860130718954248
102 0.233154296875 0.6931372549019608 0.05525390625 0.07364705882352941
28 0.734677734375 0.714392156862745 0.03626953125 0.03542483660130719
180 0.415810546875 0.0830326797385621 0.0397265625 0.0527843137254902
71 0.47267578125 0.8640000000000001 0.056982421875 0.07610457516339869