102 0.1757936507936508 0.8149819494584838 0.05634920634920635 0.11913357400722022
3 0.4634920634920635 0.5406137184115524 0.05396825396825397 0.1263537906137184
102 0.1738095238095238 0.5388086642599278 0.05555555555555555 0.12454873646209386
3 0.9392857142857143 0.5370036101083032 0.05476190476190476 0.12274368231046931
102 0.794047619047619 0.5351985559566786 0.050793650793650794 0.12274368231046931
53 0.0746031746031746 0.5306859205776173 0.05396825396825397 0.12454873646209386
97 0.32896825396825397 0.2752707581227437 0.048412698412698414 0.11913357400722022
102 0.1773809523809524 0.2644404332129964 0.05317460317460317 0.11732851985559567
140 0.07738095238095238 0.26173285198555957 0.05555555555555555 0.1263537906137184
102 0.43134920634920637 0.2608303249097473 0.05476190476190476 0.11732851985559567
53 0.7380952380952381 0.17689530685920576 0.049206349206349205 0.14259927797833935
140 0.8496031746031746 0.17148014440433212 0.05714285714285714 0.12093862815884476
97 0.8511904761904762 0.9007220216606499 0.047619047619047616 0.12274368231046931
128 0.7936507936507936 0.8998194945848376 0.051587301587301584 0.12093862815884476
128 0.33174603174603173 0.8312274368231047 0.05476190476190476 0.12274368231046931
102 0.42777777777777776 0.8212996389891697 0.05714285714285714 0.12815884476534295