109 0.88427734375 0.7317708333333334 0.03271484375 0.0859375
95 0.88525390625 0.5798611111111112 0.0634765625 0.0763888888888889
109 0.8837890625 0.4192708333333333 0.04638671875 0.08680555555555555
136 0.73779296875 0.5763888888888888 0.0478515625 0.07725694444444445
180 0.6591796875 0.7239583333333334 0.05908203125 0.078125
137 0.607421875 0.4001736111111111 0.04248046875 0.07899305555555555
59 0.3876953125 0.7369791666666666 0.04296875 0.07291666666666667
12 0.38818359375 0.6128472222222222 0.03759765625 0.06076388888888889
12 0.3017578125 0.6128472222222222 0.03564453125 0.06336805555555555
59 0.34326171875 0.4809027777777778 0.0419921875 0.0720486111111111
12 0.36474609375 0.3428819444444444 0.02978515625 0.05555555555555555
12 0.326171875 0.3411458333333333 0.03369140625 0.06163194444444445
54 0.36279296875 0.2612847222222222 0.0283203125 0.05295138888888889
54 0.32470703125 0.2578125 0.029296875 0.05381944444444445
28 0.16259765625 0.4887152777777778 0.046875 0.078125
27 0.1650390625 0.3420138888888889 0.0556640625 0.0685763888888889
169 0.1640625 0.1857638888888889 0.05712890625 0.10243055555555555
128 0.38916015625 0.1675347222222222 0.0400390625 0.0625
128 0.2998046875 0.16927083333333334 0.03955078125 0.06510416666666667