180 0.47314453125 0.9818181818181818 0.0244140625 0.03636363636363636
1 0.22802734375 0.8136363636363636 0.044921875 0.06363636363636363
1 0.7392578125 0.8106060606060606 0.04296875 0.06363636363636363
180 0.98388671875 0.9772727272727273 0.02734375 0.045454545454545456
125 0.19921875 0.7659090909090909 0.025390625 0.03939393939393939
125 0.42919921875 0.7651515151515151 0.025390625 0.04242424242424243
125 0.7099609375 0.7621212121212121 0.0244140625 0.03787878787878788
125 0.939453125 0.7613636363636364 0.0224609375 0.03939393939393939
64 0.42138671875 0.7113636363636363 0.029296875 0.04393939393939394
64 0.9306640625 0.7090909090909091 0.029296875 0.048484848484848485
74 0.24072265625 0.668939393939394 0.02734375 0.04393939393939394
74 0.7509765625 0.6651515151515152 0.0283203125 0.04393939393939394
28 0.36474609375 0.6363636363636364 0.0498046875 0.06818181818181818
28 0.87353515625 0.6272727272727273 0.0498046875 0.06363636363636363
31 0.12646484375 0.6227272727272727 0.0537109375 0.08181818181818182
31 0.6376953125 0.6212121212121212 0.05078125 0.07878787878787878
94 0.4609375 0.9378787878787879 0.029296875 0.048484848484848485
94 0.97021484375 0.9363636363636364 0.03125 0.04696969696969697
81 0.8681640625 0.1787878787878788 0.0576171875 0.09545454545454546
14 0.46533203125 0.1787878787878788 0.0771484375 0.12272727272727273
14 0.15234375 0.17727272727272728 0.0732421875 0.11666666666666667
171 0.9736328125 0.17727272727272728 0.046875 0.08484848484848485
17 0.75 0.1765151515151515 0.076171875 0.12272727272727273
45 0.30859375 0.1765151515151515 0.0732421875 0.11969696969696969
45 0.6103515625 0.17575757575757575 0.076171875 0.12121212121212122
88 0.37646484375 0.8643939393939394 0.0576171875 0.05303030303030303
88 0.88720703125 0.8628787878787879 0.052734375 0.05757575757575758
55 0.75634765625 0.5704545454545454 0.033203125 0.06060606060606061
55 0.24755859375 0.5734848484848485 0.0322265625 0.06060606060606061
96 0.73876953125 0.9075757575757576 0.0458984375 0.07272727272727272
96 0.22802734375 0.9113636363636364 0.0419921875 0.07878787878787878