137 0.6733780760626398 0.17331288343558282 0.06487695749440715 0.10276073619631902
137 0.5134228187919463 0.17331288343558282 0.07270693512304251 0.1058282208588957
136 0.3680089485458613 0.174079754601227 0.06711409395973154 0.10276073619631902
28 0.9278523489932886 0.17561349693251535 0.06711409395973154 0.09202453987730061
136 0.24608501118568232 0.17791411042944785 0.06599552572706935 0.09969325153374232
171 0.03523489932885906 0.2967791411042945 0.06599552572706935 0.09969325153374232
180 0.2746085011185682 0.032975460122699383 0.06375838926174497 0.06595092024539877
177 0.1017897091722595 0.3581288343558282 0.053691275167785234 0.08895705521472393
109 0.03355704697986577 0.4256134969325153 0.05480984340044743 0.1165644171779141
102 0.5218120805369127 0.4325153374233129 0.06935123042505593 0.0950920245398773
102 0.5262863534675615 0.5460122699386503 0.06375838926174497 0.09202453987730061
53 0.9284116331096197 0.6173312883435583 0.06823266219239374 0.09355828220858896
3 0.24440715883668904 0.6219325153374233 0.08165548098434004 0.09815950920245399
102 0.5246085011185683 0.6595092024539877 0.07829977628635347 0.09355828220858896
160 0.9345637583892618 0.7438650306748467 0.053691275167785234 0.0705521472392638
102 0.5223713646532439 0.7638036809815951 0.0738255033557047 0.09049079754601227
102 0.522930648769575 0.8650306748466258 0.06263982102908278 0.09049079754601227