102 0.08316221765913757 0.6899038461538461 0.06673511293634497 0.14182692307692307
180 0.8475359342915811 0.9675480769230769 0.0513347022587269 0.06490384615384616
137 0.19815195071868583 0.6862980769230769 0.06570841889117043 0.14903846153846154
102 0.43275154004106775 0.6682692307692307 0.07186858316221766 0.14182692307692307
3 0.6078028747433265 0.6574519230769231 0.08213552361396304 0.17067307692307693
137 0.7792607802874744 0.6490384615384616 0.06878850102669405 0.13942307692307693
37 0.7782340862422998 0.22596153846153846 0.08213552361396304 0.17067307692307693
160 0.4984599589322382 0.2247596153846154 0.06570841889117043 0.1466346153846154
102 0.6534907597535934 0.22235576923076922 0.06776180698151951 0.15144230769230768
102 0.19763860369609856 0.21514423076923078 0.06673511293634497 0.15144230769230768
3 0.3629363449691992 0.2127403846153846 0.08521560574948665 0.18269230769230768
137 0.08008213552361396 0.2127403846153846 0.06776180698151951 0.14182692307692307