102 0.678698224852071 0.6663636363636364 0.06627218934911243 0.10727272727272727
37 0.3940828402366864 0.6627272727272727 0.11124260355029586 0.16727272727272727
180 0.8307692307692308 0.9518181818181818 0.04970414201183432 0.07818181818181819
102 0.47041420118343197 0.3927272727272727 0.06627218934911243 0.09272727272727273
3 0.6757396449704142 0.33090909090909093 0.10650887573964497 0.1709090909090909
144 0.11005917159763313 0.3118181818181818 0.10887573964497041 0.17272727272727273
57 0.290095 0.310818 0.052568 0.102164
102 0.46923076923076923 0.24909090909090909 0.05917159763313609 0.09636363636363636
3 0.6337278106508876 0.15363636363636363 0.06153846153846154 0.1
3 0.7153846153846154 0.15272727272727274 0.06745562130177515 0.09636363636363636
