32 0.073 0.17431972789115646 0.072 0.11904761904761904
33 0.7175 0.1760204081632653 0.065 0.10204081632653061
137 0.5995 0.18112244897959184 0.067 0.11224489795918367
137 0.417 0.48214285714285715 0.067 0.12074829931972789
3 0.0645 0.5433673469387755 0.075 0.11224489795918367
102 0.189 0.5518707482993197 0.08 0.12414965986394558
63 0.9275 0.5884353741496599 0.068 0.11904761904761904
74 0.741 0.6717687074829932 0.07 0.11054421768707483
53 0.4195 0.6751700680272109 0.067 0.11394557823129252
102 0.539 0.6768707482993197 0.065 0.12585034013605442
28 0.93 0.7712585034013606 0.068 0.12244897959183673
37 0.0605 0.7814625850340136 0.06 0.12585034013605442
87 0.1855 0.7848639455782312 0.073 0.11394557823129252
142 0.4225 0.8758503401360545 0.064 0.10204081632653061
137 0.194 0.16921768707482993 0.07 0.12414965986394558
36 0.5435 0.10119047619047619 0.034 0.05612244897959184
90 0.4225 0.17687074829931973 0.047 0.07993197278911565