171 0.037861328125 0.5091214953271028 0.0723828125 0.15999999999999998
136 0.147294921875 0.5102990654205607 0.0715234375 0.13897196261682243
3 0.313271484375 0.15138317757009345 0.061689453125 0.11271028037383177
102 0.40765625 0.14865420560747664 0.060029296875 0.1025981308411215
53 0.409287109375 0.318 0.053515625 0.10014953271028038
53 0.408466796875 0.66796261682243 0.061650390625 0.11317757009345794
102 0.406640625 0.8462616822429907 0.055546875 0.10528971962616822
3 0.3124609375 0.8501495327102804 0.060068359375 0.11306542056074767
136 0.590927734375 0.4986168224299065 0.07744140625 0.1436448598130841
1 0.722734375 0.17123364485981307 0.057861328125 0.10102803738317756
3 0.721103515625 0.33628037383177567 0.054609375 0.10403738317757008
1 0.7255859375 0.6411028037383177 0.058671875 0.11085981308411215
3 0.721103515625 0.8154953271028038 0.054609375 0.10452336448598132
55 0.831962890625 0.6434392523364486 0.054150390625 0.10618691588785047
55 0.8317578125 0.17745794392523365 0.05130859375 0.10413084112149533
102 0.832578125 0.3370654205607477 0.0529296875 0.10558878504672897
102 0.83115234375 0.8166728971962617 0.057412109375 0.11153271028037383
128 0.944296875 0.1770841121495327 0.051767578125 0.1034018691588785
53 0.941044921875 0.3359065420560748 0.055029296875 0.11263551401869158
128 0.942265625 0.6403364485981308 0.052587890625 0.09532710280373832
53 0.93982421875 0.81396261682243 0.057470703125 0.11545794392523365