180 0.9168399168399168 0.8847305389221557 0.02442827442827443 0.04890219560878244
58 0.4267151767151767 0.8567864271457086 0.04833679833679834 0.09181636726546906
136 0.08264033264033264 0.8537924151696606 0.0524948024948025 0.10179640718562874
22 0.07718295218295218 0.6921157684630739 0.04833679833679834 0.09381237524950099
125 0.17333679833679833 0.688622754491018 0.02234927234927235 0.04491017964071856
125 0.8469334719334719 0.688622754491018 0.02286902286902287 0.041916167664670656
1 0.512993762993763 0.6472055888223552 0.0395010395010395 0.059880239520958084
112 0.8115904365904366 0.6087824351297405 0.0395010395010395 0.0658682634730539
112 0.20426195426195426 0.6057884231536926 0.037422037422037424 0.06287425149700598
171 0.5103950103950103 0.9525948103792415 0.15332640332640332 0.09481037924151696
123 0.8458939708939709 0.45209580838323354 0.02079002079002079 0.03992015968063872
123 0.17229729729729729 0.4500998003992016 0.02286902286902287 0.043912175648702596
55 0.309298 0.431707 0.023571 0.044491
55 0.7091995841995842 0.4301397205588822 0.02546777546777547 0.043912175648702596
68 0.07406444906444906 0.36377245508982037 0.05145530145530146 0.09481037924151696
42 0.3924116424116424 0.36327345309381237 0.04417879417879418 0.06387225548902195
42 0.6351351351351351 0.36077844311377244 0.04781704781704782 0.06387225548902195
128 0.7988565488565489 0.2090818363273453 0.05041580041580042 0.09381237524950099
128 0.2104989604989605 0.20109780439121758 0.04833679833679834 0.09381237524950099
42 0.6340956340956341 0.17714570858283432 0.04781704781704782 0.06287425149700598
42 0.3918918918918919 0.1751497005988024 0.0472972972972973 0.06187624750499002
140 0.07276507276507277 0.15818363273453093 0.04937629937629938 0.09580838323353294
