32 0.3233502538071066 0.16085578446909668 0.0416243654822335 0.06656101426307448
3 0.3649746192893401 0.3082408874801902 0.0416243654822335 0.06814580031695722
102 0.7543147208121828 0.3090332805071315 0.0416243654822335 0.06973058637083994
3 0.8685279187817259 0.3090332805071315 0.0416243654822335 0.06973058637083994
102 0.2512690355329949 0.3098256735340729 0.0416243654822335 0.06656101426307448
96 0.16903553299492385 0.31061806656101426 0.04365482233502538 0.07290015847860538
96 0.6720812182741117 0.3114104595879556 0.04365482233502538 0.07448494453248812
171 0.5406091370558376 0.03486529318541997 0.049746192893401014 0.06973058637083994
125 0.5578680203045685 0.4532488114104596 0.03147208121827411 0.0491283676703645
125 0.8121827411167513 0.4540412044374009 0.026395939086294416 0.042789223454833596
125 0.05380710659898477 0.4548335974643423 0.03248730964467005 0.04754358161648178
125 0.3065989847715736 0.4548335974643423 0.030456852791878174 0.044374009508716325
1 0.7538071065989848 0.4548335974643423 0.046700507614213196 0.07290015847860538
1 0.2517766497461929 0.45800316957210774 0.049746192893401014 0.07131537242472266
112 0.1131979695431472 0.4968304278922345 0.04568527918781726 0.07290015847860538
112 0.8685279187817259 0.49841521394611726 0.04467005076142132 0.06814580031695722
112 0.616751269035533 0.49841521394611726 0.04365482233502538 0.06973058637083994
112 0.36598984771573606 0.5007923930269413 0.04263959390862944 0.06497622820919176
123 0.3065989847715736 0.6038034865293186 0.028426395939086295 0.04595879556259905
123 0.5568527918781726 0.6045958795562599 0.027411167512690356 0.044374009508716325
123 0.8111675126903554 0.6053882725832013 0.030456852791878174 0.039619651347068144
123 0.0532994923857868 0.6061806656101426 0.027411167512690356 0.044374009508716325
64 0.04199492385786802 0.683312202852615 0.0825736040609137 0.683312202852615 0.0825736040609137 0.6270522979397781 0.04199492385786802 0.6270522979397781 0.04199492385786802 0.683312202852615
64 0.5445329949238579 0.6843660855784469 0.587263959390863 0.6843660855784469 0.587263959390863 0.6286291600633914 0.5445329949238579 0.6286291600633914 0.5445329949238579 0.6843660855784469
137 0.31522842639593907 0.8700475435816165 0.05279187817258883 0.08399366085578447
28 0.17258883248730963 0.8708399366085579 0.049746192893401014 0.08557844690966719
28 0.6771573604060914 0.8716323296354992 0.047715736040609136 0.07765451664025357
27 0.7548223350253808 0.873217115689382 0.05482233502538071 0.07606973058637084
65 0.5888324873096447 0.8740095087163233 0.06192893401015229 0.07448494453248812
137 0.8197969543147208 0.8740095087163233 0.05482233502538071 0.07606973058637084
27 0.25228426395939085 0.8748019017432647 0.05279187817258883 0.07765451664025357
65 0.08375634517766498 0.8787638668779715 0.05583756345177665 0.07131537242472266
180 0.014213197969543147 0.11489698890649762 0.028426395939086295 0.044374009508716325
136 0.23248730964467004 0.1576862123613312 0.03959390862944162 0.06656101426307448