55 0.3504559819413092 0.6137003058103976 0.03568848758465011 0.04656269113149847
1 0.4113905191873589 0.6171620795107033 0.03656433408577878 0.05104587155963303
55 0.7815124153498871 0.6222568807339449 0.036410835214446956 0.04900305810397554
12 0.7541309255079007 0.648960244648318 0.03943115124153499 0.05102752293577982
12 0.5698194130925508 0.6526299694189602 0.041011286681715574 0.04857492354740061
123 0.47673589164785557 0.7274923547400612 0.017376975169300226 0.029504587155963304
62 0.9344469525959369 0.7307828746177369 0.041408577878103835 0.059596330275229356
112 0.35396388261851014 0.7380917431192661 0.03548532731376975 0.04580428134556575
64 0.8303837471783295 0.7540489296636085 0.043963882618510156 0.059241590214067275
42 0.7912641083521446 0.7932844036697247 0.04698871331828442 0.045969418960244646
42 0.6095846501128668 0.7943058103975535 0.046311512415349886 0.04392660550458715
42 0.731079006772009 0.7944770642201835 0.04701128668171557 0.046305810397553514
42 0.5487765237020316 0.7946483180428134 0.049598194130925505 0.04460550458715597
42 0.6702708803611739 0.7946483180428134 0.047291196388261854 0.04460550458715597
53 0.9338194130925507 0.8554434250764527 0.03865011286681715 0.06019571865443425
42 0.6681399548532732 0.8619021406727829 0.04753950338600451 0.04456880733944955
42 0.6089571106094808 0.8620733944954129 0.04656433408577878 0.04694189602446483
42 0.729823927765237 0.8632599388379205 0.044505643340857784 0.043204892966360854
42 0.5487765237020316 0.8636024464831804 0.04658690744920993 0.043883792048929664
42 0.7927629796839729 0.8692048929663609 0.06504288939051918 0.06528440366972477
55 0.6007088036117382 0.14957798165137615 0.03778329571106095 0.05288073394495413
53 0.935196388261851 0.15507645259938838 0.041404063205417604 0.06211009174311927
55 0.34938600451467267 0.16182874617737 0.035358916478555304 0.04312538226299695
59 0.41017155756207674 0.16426911314984707 0.03413092550790067 0.04801223241590214
55 0.7824153498871331 0.16898470948012234 0.034604966139954854 0.04765749235474006
12 0.7538284424379232 0.1969051987767584 0.035218961625282166 0.052122324159021405
12 0.5707223476297969 0.20017125382262996 0.042817155756207675 0.04886238532110092
123 0.47610383747178325 0.2753394495412844 0.019720090293453726 0.02549847094801223
62 0.9359503386004515 0.27855045871559636 0.039900677200902936 0.05829357798165138
112 0.3539006772009029 0.28859327217125386 0.0335530474040632 0.052012232415902145
180 0.21396388261851015 0.029547400611620797 0.042623024830699775 0.0476697247706422
64 0.8274943566591423 0.3035229357798165 0.04120090293453725 0.05725993883792049
42 0.610961625282167 0.33918654434250767 0.04605417607223476 0.04704587155963303
42 0.7908848758465011 0.34071559633027526 0.049237020316027086 0.04398776758409786
42 0.5480225733634311 0.3408868501529052 0.04658239277652371 0.04229357798165138
42 0.7305733634311512 0.34105810397553515 0.044501128668171554 0.04466666666666667
42 0.6688893905191873 0.3420733944954128 0.04753498871331829 0.04670948012232416
42 0.5482708803611739 0.40865443425076453 0.05009480812641083 0.04530886850152905
42 0.729823927765237 0.4091620795107034 0.04600451467268623 0.044287461773700305
42 0.6686365688487584 0.4100122324159021 0.04703386004514673 0.043944954128440364
42 0.6095846501128668 0.4108623853211009 0.04781038374717833 0.043608562691131496
42 0.7927629796839729 0.4169724770642202 0.06654176072234762 0.0680611620795107
59 0.205842 0.502177 0.048041 0.060826
136 0.0580902934537246 0.5025993883792049 0.04148532731376975 0.056782874617737004
95 0.128506 0.503401 0.037842 0.053492
55 0.6003611738148984 0.6047339449541285 0.03528216704288939 0.053088685015290515
53 0.9339458239277653 0.6107033639143731 0.0434176072234763 0.05796941896024465
53 0.932257336343115 0.4031437308868501 0.04173814898419865 0.058477064220183485
