109 0.08901734104046242 0.18674698795180722 0.07976878612716763 0.13941480206540446
37 0.3901734104046243 0.20309810671256454 0.05433526011560694 0.08261617900172118
136 0.22716763005780347 0.29518072289156627 0.047398843930635835 0.07056798623063683
178 0.08959537572254335 0.29862306368330466 0.07745664739884393 0.08089500860585198
179 0.7589595375722543 0.29948364888123924 0.04508670520231214 0.06884681583476764
119 0.5965317919075145 0.3037865748709122 0.05433526011560694 0.08261617900172118
3 0.3988439306358382 0.38209982788296043 0.035838150289017344 0.05335628227194492
109 0.09017341040462427 0.39156626506024095 0.05202312138728324 0.10327022375215146
102 0.5803468208092486 0.4604130808950086 0.06127167630057803 0.09294320137693632
102 0.49421965317919075 0.4629948364888124 0.057803468208092484 0.09122203098106713
137 0.292485549132948 0.463855421686747 0.03815028901734104 0.05679862306368331
102 0.7104046242774567 0.463855421686747 0.05086705202312139 0.08950086058519793
3 0.39942196531791907 0.46471600688468157 0.035838150289017344 0.05335628227194492
3 0.39942196531791907 0.5481927710843374 0.03930635838150289 0.055077452667814115
136 0.22369942196531792 0.5559380378657487 0.04508670520231214 0.07056798623063683
128 0.5884393063583815 0.6308089500860585 0.03468208092485549 0.055077452667814115
128 0.6410404624277457 0.6308089500860585 0.03930635838150289 0.055077452667814115
53 0.7063583815028902 0.6316695352839932 0.035838150289017344 0.05679862306368331
28 0.7890173410404624 0.07228915662650602 0.057803468208092484 0.08433734939759036
36 0.3485549132947977 0.8493975903614458 0.06242774566473988 0.0963855421686747
33 0.45838150289017343 0.8493975903614458 0.06473988439306358 0.09294320137693632
137 0.6069364161849711 0.09208261617900172 0.04277456647398844 0.0757314974182444
137 0.6832369942196532 0.09294320137693632 0.03352601156069364 0.06368330464716007
137 0.5167630057803468 0.09466437177280551 0.047398843930635835 0.07401032702237521
144 0.7780346820809249 0.16953528399311532 0.04508670520231214 0.06540447504302926
29 0.769364161849711 0.8192771084337349 0.058959537572254334 0.08777969018932874