166 0.79736328125 0.8109028960817717 0.0693359375 0.12776831345826234
28 0.11572265625 0.8091993185689949 0.0732421875 0.131175468483816
74 0.451171875 0.8083475298126065 0.07421875 0.13458262350936967
104 0.2490234375 0.8040885860306644 0.0751953125 0.13458262350936967
137 0.61279296875 0.8023850085178875 0.078125 0.1362862010221465
141 0.11572265625 0.6047700170357752 0.0703125 0.131175468483816
74 0.51220703125 0.580068143100511 0.07421875 0.1260647359454855
74 0.72119140625 0.5136286201022147 0.068359375 0.11925042589437819
102 0.107421875 0.39948892674616693 0.078125 0.12947189097103917
74 0.55029296875 0.3730834752981261 0.0732421875 0.131175468483816
104 0.767578125 0.368824531516184 0.0732421875 0.131175468483816
64 0.24609375 0.16695059625212946 0.0712890625 0.13287904599659284
3 0.5390625 0.16609880749574105 0.0791015625 0.131175468483816
59 0.3935546875 0.16609880749574105 0.0791015625 0.13969335604770017
74 0.76318359375 0.16269165247018738 0.07421875 0.12947189097103917
128 0.10107421875 0.15843270868824533 0.0751953125 0.13287904599659284
177 0.9375 0.32964224872231684 0.0478515625 0.09028960817717206
180 0.84375 0.9301533219761499 0.033203125 0.059625212947189095