53 0.8309859154929577 0.34 0.079476861167002 0.17333333333333334
102 0.44366197183098594 0.37333333333333335 0.07243460764587525 0.1511111111111111
102 0.6780684104627767 0.3844444444444444 0.07645875251509054 0.15555555555555556
3 0.28319919517102615 0.39 0.07645875251509054 0.15333333333333332
88 0.5538229376257545 0.5266666666666666 0.06338028169014084 0.14222222222222222
137 0.8244466800804829 0.6033333333333334 0.06338028169014084 0.14222222222222222
137 0.676056338028169 0.6133333333333333 0.07847082494969819 0.16666666666666666
37 0.289738430583501 0.6577777777777778 0.06941649899396378 0.14888888888888888
179 0.44064386317907445 0.7577777777777778 0.08048289738430583 0.17777777777777778
27 0.6247484909456741 0.7977777777777778 0.07243460764587525 0.14888888888888888
180 0.2731388329979879 0.12666666666666668 0.056338028169014086 0.14222222222222222