3 0.63671875 0.7467948717948718 0.068359375 0.1346153846153846
102 0.5087890625 0.7443910256410257 0.0634765625 0.11217948717948718
11 0.3896484375 0.7395833333333334 0.072265625 0.11698717948717949
177 0.923828125 0.6722756410256411 0.080078125 0.14423076923076922
148 0.05810546875 0.6594551282051282 0.0810546875 0.15705128205128205
136 0.796875 0.6546474358974359 0.0693359375 0.1233974358974359
37 0.23486328125 0.6410256410256411 0.07421875 0.1346153846153846
166 0.6357421875 0.5200320512820513 0.0654296875 0.10897435897435898
137 0.5126953125 0.5192307692307693 0.0751953125 0.12179487179487179
1 0.490234375 0.2796474358974359 0.0712890625 0.11538461538461539
1 0.3740234375 0.27724358974358976 0.0693359375 0.12179487179487179
102 0.62646484375 0.20993589743589744 0.0654296875 0.10416666666666667
180 0.8369140625 0.9479166666666666 0.0263671875 0.041666666666666664