180 0.13550667714061274 0.016853932584269662 0.022780832678711706 0.033707865168539325
53 0.7403770620581304 0.2215980024968789 0.07148468185388845 0.11235955056179775
37 0.8511390416339356 0.22409488139825218 0.06755695208169678 0.10861423220973783
0 0.9677926158680282 0.22534332084893882 0.06441476826394343 0.10237203495630462
137 0.291044776119403 0.2484394506866417 0.06755695208169678 0.10611735330836454
102 0.558523173605656 0.2515605493133583 0.06834249803613511 0.10486891385767791
22 0.29025923016496463 0.4344569288389513 0.06912804399057344 0.10861423220973783
3 0.9677926158680282 0.04868913857677903 0.05970149253731343 0.09737827715355805
102 0.7384131971720346 0.04931335830212235 0.06441476826394343 0.0986267166042447
137 0.852317360565593 0.05181023720349563 0.06441476826394343 0.10362047440699126
102 0.43322859387274154 0.5861423220973783 0.06991358994501179 0.11610486891385768
53 0.5569520816967792 0.5867665418227216 0.07069913589945012 0.10611735330836454
3 0.2914375490966222 0.5898876404494382 0.06441476826394343 0.10736579275905118
137 0.29025923016496463 0.07428214731585518 0.06598586017282011 0.10861423220973783
137 0.29025923016496463 0.8963795255930087 0.06598586017282011 0.10861423220973783
37 0.29025923016496463 0.7484394506866417 0.07148468185388845 0.10861423220973783