12 0.4446227929373997 0.6670103092783505 0.07865168539325842 0.09896907216494845
64 0.7985553772070626 0.6092783505154639 0.0898876404494382 0.10927835051546392
180 0.8298555377207063 0.954639175257732 0.08828250401284109 0.07628865979381444
87 0.49357945425361155 0.49381443298969074 0.06260032102728733 0.12164948453608247
55 0.3418940609951846 0.4845360824742268 0.08025682182985554 0.10309278350515463
171 0.9373996789727127 0.17010309278350516 0.08346709470304976 0.09484536082474226
59 0.3418940609951846 0.16907216494845362 0.06902086677367576 0.09484536082474226
136 0.7985553772070626 0.14742268041237114 0.08025682182985554 0.10103092783505155
171 0.9309791332263242 0.6010309278350515 0.07223113964686999 0.10927835051546392
125 0.5810593900481541 0.7556701030927835 0.05457463884430177 0.07835051546391752
125 0.2712680577849117 0.7268041237113402 0.04654895666131621 0.07422680412371134
95 0.723916532905297 0.4020618556701031 0.07223113964686999 0.09278350515463918