176 0.59641 0.0848789 0.0784203 0.0934951
125 0.363057 0.339876 0.038485 0.0453572
128 0.391489 0.805708 0.0697214 0.0839444
28 0.8691 0.67231 0.0717769 0.0863788
128 0.254874 0.805524 0.0692918 0.084037
171 0.14104 0.08276 0.0588564 0.0688178
125 0.611708 0.33986 0.0387044 0.0455192
132 0.0888197 0.210945 0.0344363 0.0431468
55 0.689367 0.80861 0.0760134 0.0895075
55 0.453246 0.612495 0.0772007 0.0906039
125 0.135001 0.345133 0.0381859 0.0445366
180 0.0786158 0.169376 0.0367709 0.0462101
89 0.86786 0.545879 0.0750377 0.0869088
28 0.867991 0.258101 0.0744516 0.086933
123 0.362584 0.477326 0.0383387 0.040573
140 0.868049 0.817818 0.0754058 0.0898709
123 0.611312 0.477441 0.0384381 0.0421222
123 0.135037 0.478363 0.0359678 0.0422894
55 0.691611 0.611252 0.075654 0.091124
55 0.206976 0.608397 0.0778142 0.0916099
176 0.368113 0.0852839 0.0761657 0.0930902
12 0.686673 0.716684 0.0389969 0.0465441
32 0.472009 0.0856383 0.081085 0.0902143
62 0.505667 0.805316 0.0722947 0.0864561
