28 0.250816 0.272061 0.0749347 0.0928351
141 0.797314 0.105138 0.0769568 0.0932221
141 0.513981 0.898664 0.0781882 0.0940412
102 0.513723 0.54434 0.0735138 0.0937343
102 0.665487 0.10195 0.0728594 0.0922528
53 0.665552 0.652896 0.0759182 0.0903157
102 0.511802 0.270172 0.0717579 0.0932035
102 0.376739 0.89851 0.0735157 0.0945907
102 0.797373 0.653445 0.0745636 0.0925042
171 0.785451 0.893347 0.0617922 0.0841003
137 0.381532 0.27035 0.0762262 0.0975852
141 0.38094 0.54317 0.0719748 0.0890185
171 0.934156 0.31387 0.0642769 0.0819076
171 0.0329198 0.402405 0.0599048 0.0805414
28 0.250523 0.775298 0.0749829 0.0898983
