176 0.596406 0.0854657 0.0777227 0.0923773
176 0.368104 0.0850654 0.0780043 0.0930571
128 0.390532 0.805134 0.076012 0.0894087
128 0.25571 0.805023 0.0733143 0.0889212
28 0.869052 0.259124 0.0764533 0.0878337
55 0.689456 0.809305 0.0767882 0.090191
125 0.363126 0.339036 0.0388691 0.0465558
125 0.61184 0.339261 0.0380719 0.0467282
98 0.868038 0.390056 0.0706516 0.0848789
125 0.134504 0.344178 0.0390126 0.0445282
180 0.0776067 0.170457 0.0330183 0.0413983
171 0.140814 0.0838301 0.0568884 0.0655235
123 0.134364 0.477623 0.0367703 0.0419812
32 0.47094 0.085081 0.0761698 0.0896047
123 0.363612 0.477861 0.0369241 0.0439142
28 0.86911 0.672096 0.073824 0.0866624
132 0.0886517 0.210842 0.0341268 0.0428998
123 0.612192 0.477229 0.0375853 0.0438058
140 0.868905 0.818127 0.0739725 0.0876155
62 0.505877 0.804464 0.076347 0.0907321
55 0.206511 0.608307 0.0784812 0.0914028
137 0.869509 0.545436 0.0716614 0.0829416
55 0.452945 0.61202 0.0784647 0.091238
112 0.691834 0.389231 0.0537437 0.0594217
55 0.691254 0.612028 0.077557 0.0923029
137 0.162448 0.805324 0.0740751 0.0859637
